0.999261558 0.023474323 0.030426638 -0.495384246 -0.022386895 0.999115527 -0.035599045 -0.344852060 -0.031235417 0.034891658 0.998903036 0.494675279
0.999261141 0.023430023 0.030474139 -0.495250165 -0.022342796 0.999118626 -0.035539925 -0.344478846 -0.031280000 0.034832843 0.998903692 0.494113207
0.999259949 0.023567161 0.030409249 -0.495116860 -0.022482539 0.999115884 -0.035528261 -0.344744235 -0.031219682 0.034818344 0.998906076 0.494629472
0.999259174 0.023480995 0.030499335 -0.495462447 -0.022392353 0.999116898 -0.035556808 -0.344823062 -0.031307328 0.034847569 0.998902321 0.494597971
0.999259233 0.023556735 0.030436184 -0.495301187 -0.022475272 0.999120831 -0.035397105 -0.345416158 -0.031243267 0.034686871 0.998909891 0.495287865
0.999258339 0.023493940 0.030514129 -0.495156795 -0.022416217 0.999129355 -0.035191763 -0.345313191 -0.031314358 0.034481697 0.998914719 0.494420946
0.999254823 0.023571549 0.030569583 -0.495494872 -0.022478059 0.999112427 -0.035632446 -0.344964385 -0.031382363 0.034918796 0.998897493 0.494644850
0.999258518 0.023548918 0.030471111 -0.495236516 -0.022456136 0.999109626 -0.035719622 -0.344480753 -0.031285163 0.035008926 0.998897493 0.494352192
0.999260008 0.023709321 0.030298976 -0.495036900 -0.022613987 0.999096334 -0.035994291 -0.343279600 -0.031125017 0.035282530 0.998892903 0.494542897
0.999259472 0.023756465 0.030277794 -0.494658381 -0.022661144 0.999094367 -0.036017567 -0.343592525 -0.031106044 0.035304822 0.998892665 0.494858295
0.999261737 0.023628172 0.030304585 -0.494794458 -0.022537606 0.999103665 -0.035835378 -0.343458623 -0.031124169 0.035125986 0.998898447 0.494777232
0.999258876 0.023902856 0.030184112 -0.494451851 -0.022802034 0.999080896 -0.036300551 -0.344244421 -0.031024080 0.035585444 0.998885274 0.495154709
0.999257326 0.023751460 0.030352075 -0.494998604 -0.022654086 0.999095261 -0.035999026 -0.346224010 -0.031179661 0.035284746 0.998891056 0.495292366
0.999253035 0.023867872 0.030403482 -0.495254993 -0.022760501 0.999083400 -0.036260102 -0.345881283 -0.031241084 0.035541072 0.998880029 0.495462120
0.999257565 0.023839228 0.030273937 -0.495248318 -0.022738557 0.999086320 -0.036193036 -0.345909804 -0.031109110 0.035477836 0.998886406 0.495610982
0.999251008 0.024000725 0.030365529 -0.495538950 -0.022894921 0.999080658 -0.036252316 -0.346209824 -0.031207712 0.035530008 0.998881459 0.495734066
0.999253869 0.023974806 0.030290330 -0.495368779 -0.022867547 0.999076426 -0.036384977 -0.346000165 -0.031134695 0.035665222 0.998878896 0.495949894
0.999257863 0.023701366 0.030367361 -0.494942009 -0.022594877 0.999086797 -0.036274116 -0.345627755 -0.031199384 0.035561115 0.998880565 0.495165020
0.999261856 0.023634102 0.030287445 -0.495137632 -0.022540279 0.999099374 -0.035959244 -0.345854998 -0.031110039 0.035250075 0.998894453 0.495246321
0.999262750 0.023548122 0.030332519 -0.494660616 -0.022459369 0.999108791 -0.035745811 -0.345173627 -0.031147249 0.035038263 0.998900771 0.494210094
0.999261141 0.023657840 0.030300684 -0.494462222 -0.022575278 0.999111891 -0.035583332 -0.344017953 -0.031115606 0.034873046 0.998907447 0.493953228
0.999258578 0.023230249 0.030712828 -0.495974600 -0.022145888 0.999135554 -0.035185523 -0.344443887 -0.031503666 0.034479327 0.998909116 0.495200008
0.999261916 0.023314226 0.030538276 -0.495239586 -0.022230972 0.999128222 -0.035342045 -0.344823003 -0.031335644 0.034637135 0.998908758 0.494932503
0.999260545 0.023250375 0.030631742 -0.495943129 -0.022162909 0.999128640 -0.035373114 -0.345050097 -0.031427506 0.034668140 0.998904824 0.495071024
0.999264181 0.023285337 0.030486235 -0.495602548 -0.022212878 0.999138772 -0.035055041 -0.345400751 -0.031276260 0.034352124 0.998920560 0.495656699
0.999259114 0.023279823 0.030656699 -0.495987713 -0.022204161 0.999141991 -0.034970529 -0.345650226 -0.031444516 0.034263983 0.998918295 0.495297134
0.999262094 0.023238976 0.030591020 -0.495702267 -0.022153318 0.999129355 -0.035360329 -0.344593674 -0.031386156 0.034656599 0.998906493 0.495323569
0.999263644 0.023256725 0.030525409 -0.495219380 -0.022154424 0.999107778 -0.035963442 -0.344360083 -0.031334598 0.035260741 0.998886943 0.495063037
0.999263108 0.023353072 0.030469809 -0.495006919 -0.022233460 0.999083698 -0.036578227 -0.344147801 -0.031296134 0.035873879 0.998866379 0.495236188
0.999267161 0.023105297 0.030524267 -0.495445937 -0.021996779 0.999103844 -0.036164682 -0.343653589 -0.031332519 0.035466798 0.998879731 0.494458616
0.999265015 0.023159590 0.030549381 -0.495606512 -0.022058500 0.999112308 -0.035898618 -0.344461471 -0.031353682 0.035198424 0.998888552 0.495431155
0.999262035 0.023223782 0.030600209 -0.495621115 -0.022128455 0.999119401 -0.035658073 -0.344936669 -0.031401403 0.034954686 0.998895645 0.495734274
0.999253392 0.023582909 0.030608358 -0.495538682 -0.022497777 0.999122977 -0.035323352 -0.345527947 -0.031414568 0.034608420 0.998907268 0.495171338
0.999258041 0.023280509 0.030684950 -0.496114284 -0.022213012 0.999151886 -0.034680545 -0.345720589 -0.031466331 0.033973269 0.998927414 0.495592475
0.999257267 0.023357801 0.030658089 -0.495635271 -0.022278640 0.999136448 -0.035080094 -0.344731599 -0.031451032 0.034371082 0.998914242 0.495301992
0.999256194 0.023597091 0.030508710 -0.495203793 -0.022511056 0.999117672 -0.035462484 -0.344547987 -0.031318624 0.034749381 0.998905420 0.494999707
0.999259055 0.023251414 0.030673552 -0.495785981 -0.022166718 0.999133408 -0.035238981 -0.345173001 -0.031466350 0.034533005 0.998908222 0.495614201
0.999261737 0.023287736 0.030560661 -0.495490611 -0.022202080 0.999127030 -0.035393819 -0.344434470 -0.031358227 0.034689255 0.998906314 0.495508641
0.999255180 0.023300475 0.030767100 -0.495738685 -0.022211876 0.999131560 -0.035260178 -0.344190031 -0.031561963 0.034550596 0.998904645 0.494577974
0.999259472 0.023228513 0.030681984 -0.495355129 -0.022129629 0.999118507 -0.035678949 -0.343402147 -0.031483721 0.034973770 0.998892486 0.495713234
0.999253094 0.023355974 0.030798100 -0.495653540 -0.022257868 0.999121130 -0.035524238 -0.343232423 -0.031600773 0.034812570 0.998894572 0.495445877
0.999252319 0.023339666 0.030835185 -0.495834142 -0.022249153 0.999131322 -0.035242990 -0.343890250 -0.031631004 0.034530658 0.998903394 0.495065182
0.999258280 0.023212167 0.030738069 -0.495979428 -0.022125460 0.999134421 -0.035228658 -0.344088227 -0.031529251 0.034522671 0.998906851 0.495365113
0.999258161 0.023259718 0.030700309 -0.495642841 -0.022170642 0.999129474 -0.035343874 -0.344383448 -0.031495735 0.034637101 0.998903811 0.495257467
0.999258757 0.023339348 0.030625662 -0.495728999 -0.022252001 0.999127269 -0.035360068 -0.345510274 -0.031424429 0.034652635 0.998905659 0.495466709
0.999264419 0.023207009 0.030537661 -0.495700538 -0.022104884 0.999110341 -0.035927292 -0.343791068 -0.031344485 0.035226107 0.998888075 0.495206952
0.999265015 0.023213513 0.030518204 -0.495570093 -0.022108002 0.999105394 -0.036065701 -0.343196809 -0.031328246 0.035364754 0.998883724 0.494915366
0.999264538 0.023100661 0.030611867 -0.495290488 -0.021981351 0.999095976 -0.036404178 -0.341624379 -0.031425174 0.035704866 0.998868465 0.494019508
0.999263525 0.023197109 0.030579900 -0.495185345 -0.022072515 0.999086261 -0.036608025 -0.342350006 -0.031401213 0.035906207 0.998862028 0.493954122
0.999256551 0.023468750 0.030600069 -0.495571226 -0.022336002 0.999071717 -0.036842041 -0.343437076 -0.031436369 0.036131423 0.998852849 0.494495869
0.999254405 0.023659293 0.030517975 -0.495474190 -0.022525355 0.999062896 -0.036972128 -0.344225943 -0.031364232 0.036257286 0.998850405 0.495205820
0.999257922 0.023315897 0.030667055 -0.496407241 -0.022187145 0.999083400 -0.036625493 -0.345609426 -0.031493302 0.035918426 0.998858690 0.496733218
1.000000358 0.000000040 -0.000000014 -0.000000209 0.000000040 1.000000238 -0.000000004 -0.000000089 -0.000000014 -0.000000004 1.000000358 0.000000149
0.999997854 0.002221624 -0.000113814 -0.002125058 -0.002221623 0.999997556 -0.000675684 -0.001035481 0.000112294 0.000675922 1.000000119 -0.000121075
0.999861240 0.014649200 -0.007974403 -0.006537460 -0.014688681 0.999880254 -0.004924883 0.000485401 0.007901283 0.005041318 0.999956429 -0.002957054
0.999274194 0.021174500 -0.031676240 -0.012639409 -0.021331482 0.999761999 -0.004628655 -0.000488016 0.031570669 0.005300982 0.999487817 -0.003405901
0.998895884 0.017743940 -0.043507650 -0.015370884 -0.017886639 0.999836087 -0.002894599 0.001923695 0.043449134 0.003669595 0.999049246 -0.006424623
0.997870505 0.024876619 -0.060302932 -0.021942444 -0.025992317 0.999504149 -0.017790116 0.005429472 0.059830420 0.019319596 0.998021841 -0.009372359
0.996579409 0.018929765 -0.080449909 -0.029176731 -0.021517420 0.999274850 -0.031421926 0.012436363 0.079796702 0.033045463 0.996263504 -0.015468872
0.994771540 0.026059562 -0.098748386 -0.043378282 -0.029784573 0.998892307 -0.036438748 0.019618964 0.097689345 0.039189361 0.994445384 -0.019976011
0.994222224 0.025041446 -0.104383305 -0.049045466 -0.029227206 0.998821020 -0.038766053 0.024818633 0.103289410 0.041592851 0.993781567 -0.022546405
0.992569566 0.027452277 -0.118550725 -0.055136904 -0.034469333 0.997748077 -0.057552166 0.033162151 0.116703667 0.061210878 0.991278648 -0.031163093
0.989847422 0.050047759 -0.133039638 -0.065784454 -0.061744440 0.994441390 -0.085298814 0.038018607 0.128030911 0.092647195 0.987433255 -0.037274309
0.989945114 0.038565170 -0.136101007 -0.090410978 -0.050294135 0.995211720 -0.083820328 0.047817741 0.132216603 0.089822553 0.987142503 -0.042035069
0.987996221 0.029003192 -0.151737154 -0.106392696 -0.041835934 0.995748281 -0.082075648 0.054764841 0.148711473 0.087438464 0.985007286 -0.047949266
0.984132648 0.027391287 -0.175312296 -0.117899276 -0.041677434 0.996056199 -0.078334056 0.065113880 0.172475129 0.084397644 0.981391609 -0.045814499
0.982093692 0.025167193 -0.186709806 -0.128216624 -0.040639274 0.996006131 -0.079508141 0.068751097 0.183962971 0.085672155 0.979192495 -0.043762557
0.980613947 0.028852543 -0.193818823 -0.138596356 -0.045508303 0.995590150 -0.082039595 0.074976280 0.190596938 0.089269504 0.977601051 -0.041128300
0.980390608 0.032433130 -0.194381669 -0.152799413 -0.049918324 0.995066822 -0.085740499 0.076433793 0.190641776 0.093762353 0.977171600 -0.036950894
0.977981269 0.072181016 -0.195826411 -0.181406766 -0.091078058 0.991836429 -0.089267105 0.085370444 0.187784165 0.105136991 0.976566970 -0.031858310
0.973955214 0.054063473 -0.220213428 -0.204940438 -0.079050817 0.991190553 -0.106282108 0.090821117 0.212527126 0.120921932 0.969644129 -0.019968739
0.975873888 0.022801928 -0.217153564 -0.231834978 -0.046775695 0.993276775 -0.105909154 0.100153282 0.213278338 0.113511369 0.970374763 -0.010151079
0.976015568 0.021649424 -0.216634080 -0.245916501 -0.044280119 0.993986964 -0.100163572 0.104141802 0.213162631 0.107353695 0.971100748 -0.004896332
0.973467946 0.027432222 -0.227178201 -0.271029264 -0.049043611 0.994730473 -0.090038352 0.109726757 0.223510861 0.098791070 0.969681382 0.006534390
0.968009233 0.043306477 -0.247153342 -0.299599290 -0.063562132 0.995188355 -0.074571773 0.111431643 0.242734373 0.087895811 0.966102004 0.021462649
0.966248751 0.046897609 -0.253310472 -0.315043181 -0.067541115 0.995011926 -0.073419251 0.112325318 0.248603463 0.088050157 0.964594364 0.026772395
0.963947773 0.054074004 -0.260543644 -0.328984082 -0.072632812 0.995422065 -0.062130872 0.112461954 0.255990893 0.078814976 0.963460207 0.033930823
0.962022841 0.082941227 -0.260067642 -0.347815961 -0.091034755 0.995662808 -0.019210555 0.111464337 0.257346004 0.042156324 0.965398729 0.040993668
0.952959776 0.091383331 -0.289001375 -0.376113653 -0.109005868 0.993002713 -0.045447022 0.106654763 0.282825649 0.074812256 0.956247509 0.053792804
0.944216788 0.038180646 -0.327111661 -0.413899988 -0.056771487 0.997258902 -0.047471616 0.109979458 0.324402004 0.063394330 0.943790853 0.073093094
0.942541897 0.063619994 -0.327982396 -0.439869016 -0.081960723 0.995734632 -0.042388529 0.111643642 0.323886186 0.066834874 0.943730593 0.085530497
0.940940142 0.083006516 -0.328243464 -0.463899136 -0.101280898 0.994096220 -0.038942911 0.113816373 0.323073238 0.069887854 0.943789959 0.102642283
0.934332073 0.062916845 -0.350809336 -0.482393563 -0.073909983 0.997102916 -0.018020783 0.115995780 0.348659366 0.042765841 0.936273396 0.119959578
0.928195894 0.068203643 -0.365790933 -0.493570089 -0.074871957 0.997185767 -0.004057221 0.113397054 0.364484876 0.031153541 0.930688143 0.128270775
0.919229209 0.086445123 -0.384118795 -0.514510512 -0.086431004 0.996107876 0.017335288 0.105704919 0.384122342 0.017264873 0.923120856 0.146053344
0.909460962 0.105736293 -0.402126282 -0.531126797 -0.104663260 0.994201779 0.024709674 0.100883417 0.402408451 0.019615870 0.915250301 0.161196768
0.914179802 0.139049843 -0.380716890 -0.543394208 -0.138340726 0.989950001 0.029377246 0.093179934 0.380976766 0.025813140 0.924224496 0.201661944
0.914881229 0.125201389 -0.383825541 -0.544252634 -0.137075990 0.990555048 -0.003618926 0.094424628 0.379748344 0.055924580 0.923398137 0.238551021
0.918985069 0.131150708 -0.371843278 -0.542071819 -0.149667501 0.988509536 -0.021241337 0.092273980 0.364784658 0.075173400 0.928051949 0.278176755
0.921362758 0.134368777 -0.364742637 -0.539150596 -0.152452439 0.988086879 -0.021099631 0.091394603 0.357562184 0.075046390 0.930868745 0.300626516
0.914485574 0.130642876 -0.382949144 -0.530712724 -0.157301813 0.986781597 -0.038997792 0.095247671 0.372792304 0.095901541 0.922945380 0.341835469
0.914354503 0.110810637 -0.389459133 -0.522557914 -0.138204992 0.989473760 -0.042941604 0.098174945 0.380601168 0.093089081 0.920041621 0.386057585
0.912455916 0.110897534 -0.393865168 -0.523939967 -0.148153141 0.986802399 -0.065374121 0.095597535 0.381418109 0.118003435 0.916839480 0.430660367
0.919513524 0.105641581 -0.378600746 -0.522809923 -0.146031782 0.986079872 -0.079520069 0.096226782 0.364930719 0.128407583 0.922137082 0.455153048
0.935760498 0.091815159 -0.340479702 -0.522176981 -0.128487572 0.987913072 -0.086723357 0.098081410 0.328402668 0.124899648 0.936243176 0.507617474
0.948698759 0.091603801 -0.302631229 -0.529768467 -0.128084093 0.986406922 -0.102941439 0.090326704 0.289087474 0.136422560 0.947532177 0.566460311
0.959193408 0.094106413 -0.266641825 -0.539000332 -0.127362892 0.985707462 -0.110272542 0.086204916 0.252453506 0.139732957 0.957466424 0.629774451
0.965810537 0.094399273 -0.241472498 -0.545359790 -0.123636454 0.986333609 -0.108906664 0.086599134 0.227891922 0.135037810 0.964277446 0.662700653
0.967932940 0.098628253 -0.231058329 -0.559530497 -0.127340510 0.985423863 -0.112804607 0.091252439 0.216564745 0.138610452 0.966378510 0.726064980
0.967978179 0.090243742 -0.234273821 -0.571197033 -0.122292243 0.984455884 -0.126061857 0.100505039 0.219256148 0.150674790 0.963962972 0.790725112
0.971007645 0.089519605 -0.221675918 -0.577366531 -0.119417571 0.984900713 -0.125342593 0.103121199 0.207108542 0.148180559 0.967031300 0.823475957
0.968564987 0.095751248 -0.229599968 -0.592523992 -0.127784610 0.983383417 -0.128951535 0.106855378 0.213436544 0.154237673 0.964703977 0.892308176
0.970301569 0.088455454 -0.225151017 -0.602159023 -0.118039131 0.985547841 -0.121501237 0.111252338 0.211148873 0.144469827 0.966717303 0.962531567
0.972437143 0.091952853 -0.214276120 -0.616039634 -0.115731515 0.988114715 -0.101184219 0.105535515 0.202425465 0.123194203 0.971517086 1.077138066
0.972587943 0.108650491 -0.205599666 -0.619332910 -0.128592670 0.987943530 -0.086220637 0.097057715 0.193753168 0.110296063 0.974829614 1.157750487
0.972764730 0.113288432 -0.202233225 -0.617516875 -0.132400841 0.987667322 -0.083583161 0.097104467 0.190270439 0.108083069 0.975763142 1.197654366
0.974021137 0.110899597 -0.197456554 -0.622422695 -0.128367722 0.988659084 -0.077944063 0.093992338 0.186573058 0.101266131 0.977208614 1.238783360
0.972951233 0.093822382 -0.211111143 -0.624842644 -0.111522160 0.991037905 -0.073533431 0.095654987 0.202319950 0.095087990 0.974692404 1.319140434
0.971981823 0.099425554 -0.213004172 -0.627322316 -0.116692141 0.990694582 -0.070054598 0.096851900 0.204056710 0.092947699 0.974536836 1.358160734
0.972767830 0.099547438 -0.209326446 -0.631414771 -0.116028920 0.990917563 -0.067958444 0.097503185 0.200660244 0.090395771 0.975481153 1.438577771
0.976228356 0.098953173 -0.192850232 -0.633275151 -0.114348739 0.990943611 -0.070381440 0.096527100 0.184139550 0.090760641 0.978700459 1.518713951
0.985944986 0.096859664 -0.136136711 -0.637723505 -0.108185768 0.991033435 -0.078405932 0.085820839 0.127321184 0.092032231 0.987581730 1.643751860
0.990006030 0.092578471 -0.106397219 -0.640463948 -0.101268418 0.991685271 -0.079395913 0.082518741 0.098161936 0.089377455 0.991147876 1.728754520
0.991804302 0.091111772 -0.089600548 -0.642253935 -0.098332487 0.991950870 -0.079775587 0.080234110 0.081610322 0.087932646 0.992777109 1.816411853
0.989114702 0.118227802 -0.087633230 -0.634205520 -0.124609299 0.989639461 -0.071318619 0.082607374 0.078293063 0.081462592 0.993596256 1.940653682
0.986372232 0.122057967 -0.110350490 -0.620859385 -0.131114945 0.988221943 -0.078908168 0.082513332 0.099418700 0.092301622 0.990754902 2.025373459
0.988013089 0.123194113 -0.093052454 -0.603929162 -0.130250052 0.988717616 -0.073987357 0.076038897 0.082887575 0.085221060 0.992907822 2.107070208
0.990114689 0.112202972 -0.084192932 -0.590847611 -0.118002161 0.990725100 -0.067385055 0.074221104 0.075850993 0.076654315 0.994167566 2.149776459
0.993196547 0.092170537 -0.071210235 -0.562327623 -0.095784329 0.994190037 -0.049118131 0.075555742 0.066269115 0.055605419 0.996250570 2.238401651
0.995473444 0.077620171 -0.054867528 -0.549532294 -0.079641901 0.996184468 -0.035672877 0.075227581 0.051889226 0.039881255 0.997855067 2.282325745
0.997483432 0.064588919 -0.029287849 -0.532518029 -0.065185219 0.997674406 -0.019885309 0.077025801 0.027935434 0.021744544 0.999372244 2.324632645
0.997520626 0.069746397 -0.009526957 -0.501714528 -0.069866277 0.997472346 -0.012906866 0.076427333 0.008602813 0.013540659 0.999870181 2.408171654
0.996986091 0.075791717 -0.016654320 -0.483365268 -0.076202586 0.996763110 -0.025604412 0.075742945 0.014659826 0.026796486 0.999532342 2.448781490
0.996971130 0.077075467 0.010546152 -0.460480154 -0.076528408 0.996051967 -0.044985477 0.068992876 -0.013971690 0.044042263 0.998931646 2.538105249
0.995620668 0.072691977 0.058812030 -0.429507464 -0.069456063 0.996050179 -0.055311985 0.066127896 -0.062600374 0.050984830 0.996735215 2.619782925
0.989219904 0.092733316 0.113348924 -0.404561311 -0.084899656 0.993778586 -0.072093189 0.052922398 -0.119329251 0.061692853 0.990935504 2.711697340
0.988040686 0.105236031 0.112715639 -0.391683072 -0.095685214 0.991599083 -0.087042458 0.052169800 -0.120929092 0.075216278 0.989806831 2.756067514
0.986489117 0.089745432 0.137070775 -0.366875380 -0.076844141 0.992345035 -0.096681744 0.052783728 -0.144698203 0.084842481 0.985830963 2.843361378
0.984516501 0.125051901 0.122850724 -0.344853044 -0.112998836 0.988487005 -0.100631714 0.040964246 -0.134020612 0.085191675 0.987308979 2.929903984
0.984985828 0.138771132 0.102705806 -0.302812040 -0.127871647 0.986106336 -0.106042460 0.026946008 -0.115994796 0.091317154 0.989042342 3.059772491
0.985619903 0.132173628 0.105295993 -0.269832283 -0.123323001 0.988583386 -0.086566031 0.004581690 -0.115536004 0.072335906 0.990664721 3.148672581
0.990907073 0.115303122 0.069369376 -0.233081728 -0.110887296 0.991739690 -0.064463817 -0.007638633 -0.076229863 0.056185618 0.995504737 3.235769987
0.995817840 0.086780712 0.028629802 -0.211171150 -0.085041143 0.994732738 -0.057216026 -0.005962074 -0.033444814 0.054542266 0.997950196 3.273870468
0.998149693 0.057129517 0.020901652 -0.172811717 -0.055570517 0.996083856 -0.068784535 -0.005145878 -0.024749838 0.067495838 0.997411728 3.349159718
0.999559581 0.028441703 0.008654144 -0.134209648 -0.027413614 0.994425297 -0.101828448 -0.004697382 -0.011502571 0.101546355 0.994763494 3.425035477
0.999220252 0.012183044 0.037601564 -0.096291274 -0.007786718 0.993345857 -0.114913762 -0.008903921 -0.038751747 0.114531256 0.992662728 3.505086422
0.998771250 0.011680838 0.048195701 -0.086360857 -0.005958518 0.993091047 -0.117204271 -0.017640203 -0.049232446 0.116773121 0.991936624 3.548844576
0.994737744 0.011577276 0.101815045 -0.059065014 -0.001340153 0.994983256 -0.100042470 -0.023166478 -0.102462992 0.099379651 0.989759088 3.639093399
0.990763366 0.041412842 0.129134044 -0.038929671 -0.030921245 0.996134579 -0.082216650 -0.028697878 -0.132040635 0.077464297 0.988212764 3.734092712
0.991779506 0.054694876 0.115692742 -0.019397885 -0.045240253 0.995536745 -0.082824826 -0.015303493 -0.119707279 0.076909997 0.989825785 3.829039574
0.993220925 0.061007090 0.098960735 -0.008414149 -0.052726962 0.995050251 -0.084229283 -0.006970495 -0.103610560 0.078440391 0.991520226 3.875022411
0.994848788 0.057914495 0.083219588 0.013315380 -0.051480502 0.995664597 -0.077481322 0.000745535 -0.087346956 0.072798043 0.993514180 3.968585968
0.995045125 0.056432050 0.081878789 0.040390640 -0.051812258 0.997001410 -0.057489004 0.001591250 -0.084878236 0.052961968 0.994982481 4.060530186
0.995341957 0.063787296 0.072313592 0.070202664 -0.060327295 0.996972740 -0.049061161 -0.004958808 -0.075225137 0.044470280 0.996174216 4.152170181
0.995255232 0.057195816 0.078733221 0.083241835 -0.054208316 0.997744739 -0.039570585 -0.014456183 -0.080819800 0.035115216 0.996109068 4.198259354
0.994769216 0.065936312 0.078037120 0.118996784 -0.064480484 0.997696877 -0.021030551 -0.012243502 -0.079245068 0.015888985 0.996727645 4.282951832
0.994437456 0.060083661 0.086530805 0.164330453 -0.058084853 0.997987211 -0.025433160 -0.001917608 -0.087885626 0.020265974 0.995923698 4.362418652
0.994005501 0.069185548 0.084675595 0.199841172 -0.065139517 0.996639311 -0.049653381 -0.002355024 -0.087827042 0.043840099 0.995169163 4.446345329
0.992440879 0.058893576 0.107686542 0.221921414 -0.053400289 0.997153938 -0.053207058 0.001667157 -0.110514306 0.047054470 0.992758811 4.486332893
0.983795941 0.059500661 0.169140771 0.266899347 -0.054626923 0.997949779 -0.033329692 -0.000287697 -0.170777649 0.023550179 0.985026836 4.568844318
0.981104195 0.052470896 0.186241880 0.307992101 -0.047716238 0.998411775 -0.029926328 -0.009793594 -0.187516779 0.020474354 0.982046187 4.651619434
0.975553930 0.039229598 0.216241375 0.331788659 -0.036437578 0.999192595 -0.016887642 -0.011117660 -0.216729671 0.008595876 0.976191998 4.694119453
0.963397682 0.014278812 0.267704517 0.344542742 -0.013753720 0.999897242 -0.003838023 -0.011550551 -0.267732024 0.000016095 0.963491619 4.731389046
0.962841213 0.008047927 0.269953668 0.416374207 -0.000933373 0.999650121 -0.026472885 -0.011627398 -0.270072639 0.025237389 0.962509871 4.866794109
0.955560744 0.050922167 0.290367573 0.478173614 -0.040157102 0.998272002 -0.042917244 0.000423700 -0.292051643 0.029349919 0.955952764 4.984591007
0.954002321 0.050248679 0.295559496 0.495281994 -0.038502146 0.998225093 -0.045433600 -0.005853683 -0.297318727 0.031964310 0.954243183 5.027227402
0.949697912 0.059051778 0.307551175 0.516161799 -0.048421469 0.997939825 -0.042088654 -0.006482571 -0.309403867 0.025079757 0.950600088 5.065258503
0.947048485 0.068426356 0.313717008 0.559521437 -0.055563483 0.997213840 -0.049771894 -0.012412772 -0.316249609 0.029705515 0.948210835 5.140882492
0.935228705 0.068501785 0.347357422 0.606275320 -0.058050413 0.997494936 -0.040419042 -0.025498211 -0.349257529 0.017637052 0.936860204 5.222197533
0.929767251 0.073037066 0.360833287 0.629877806 -0.064740039 0.997286379 -0.035046119 -0.027328908 -0.362415195 0.009224758 0.931970537 5.260708332
0.930358350 0.085085519 0.356646121 0.654342771 -0.077907160 0.996364295 -0.034473624 -0.026333123 -0.358284026 0.004287729 0.933602333 5.299354076
0.929401636 0.076952703 0.360961497 0.680272341 -0.069395006 0.997013867 -0.033873785 -0.022905260 -0.362491786 0.006433670 0.931964159 5.335787773
0.926483095 0.072683081 0.369254410 0.732583642 -0.061411832 0.997219622 -0.042204123 -0.015622929 -0.371296912 0.016425071 0.928368390 5.401156425
0.926805019 0.072544396 0.368473828 0.749401212 -0.056138474 0.996902883 -0.055066347 -0.025124937 -0.371328741 0.030350884 0.928005397 5.441668510
0.909255922 0.062538415 0.411517054 0.803083777 -0.042256225 0.997409344 -0.058211144 -0.026402742 -0.414092541 0.035540324 0.909540892 5.509752750
0.893837690 0.048282303 0.445787340 0.856667280 -0.025072701 0.998011768 -0.057820365 -0.038033664 -0.447693765 0.040505644 0.893269181 5.584762573
0.860946953 0.039196655 0.507185221 0.905218959 -0.018624507 0.998787224 -0.045573857 -0.054747581 -0.508357882 0.029791296 0.860631526 5.662656784
0.844076753 0.036965549 0.534949362 0.930917740 -0.020037057 0.999098480 -0.037422828 -0.061109379 -0.535851717 0.020869544 0.844055057 5.700596809
0.815904558 0.057354730 0.575337589 0.984731913 -0.031255051 0.997987866 -0.055164177 -0.065773308 -0.577345014 0.027026881 0.816053987 5.776772022
0.772851348 0.079627782 0.629574299 1.036839485 -0.046960652 0.996552944 -0.068394780 -0.063989133 -0.632851303 0.023294434 0.773923218 5.851535797
0.756261468 0.101300389 0.646382511 1.094163418 -0.067254275 0.994744480 -0.077208407 -0.058944613 -0.650807500 0.014918167 0.759096444 5.919326305
0.747453749 0.097325429 0.657148659 1.124397993 -0.062239937 0.995118797 -0.076586492 -0.056539237 -0.661395788 0.016344223 0.749859512 5.952167034
0.728720963 0.081598788 0.679935098 1.154817820 -0.056108493 0.996652305 -0.059473254 -0.059538394 -0.682512403 0.005190424 0.730855823 5.986668110
0.714683473 0.067895867 0.696148038 1.187653065 -0.055837058 0.997639716 -0.039976560 -0.060242206 -0.697219729 -0.010299217 0.716783822 6.019523621
0.710551500 0.044098049 0.702265024 1.254857779 -0.044749845 0.998846352 -0.017443363 -0.063554153 -0.702224731 -0.019030668 0.711701214 6.081479073
0.687693834 0.015080708 0.725845993 1.320709229 -0.038525037 0.999134839 0.015741734 -0.069458351 -0.724981546 -0.038787913 0.687677324 6.144133568
0.685574412 0.010986725 0.727921426 1.350883007 -0.030614952 0.999437928 0.013749593 -0.069390953 -0.727362156 -0.031711016 0.685523093 6.166701317
0.658030093 0.018474974 0.752766788 1.412905216 -0.030050799 0.999548078 0.001737382 -0.070421018 -0.752395093 -0.023763727 0.658285439 6.207654953
0.645137310 0.041618336 0.762934744 1.481452465 -0.032716352 0.999105513 -0.026835963 -0.073633358 -0.763371110 -0.007646335 0.645917952 6.255568504
0.634541512 0.047215242 0.771447599 1.515254021 -0.033116728 0.998877823 -0.033894636 -0.075838052 -0.772184134 -0.004039407 0.635389149 6.273946285
0.608983636 0.040376447 0.792156696 1.583302021 -0.021439657 0.999177873 -0.034445819 -0.083866797 -0.792897940 0.003994428 0.609344900 6.309984207
0.568976939 0.034582015 0.821626246 1.667537689 -0.012476625 0.999362946 -0.033422347 -0.099934638 -0.822261035 0.008766086 0.569045484 6.363186359
0.501051903 0.017319214 0.865244031 1.783558846 0.011117836 0.999588013 -0.026445944 -0.120191500 -0.865348041 0.022870790 0.500652432 6.419265747
0.473291397 0.031812038 0.880331874 1.867772341 0.028520979 0.998270869 -0.051406920 -0.127010629 -0.880446076 0.049438927 0.471564025 6.458451271
0.423035085 0.058873158 0.904199064 1.944462061 0.013029173 0.997388899 -0.071035914 -0.129661560 -0.906021237 0.041831922 0.421161890 6.482963562
0.402578413 0.097500905 0.910178661 2.025322437 -0.010357503 0.994733334 -0.101976767 -0.137510836 -0.915328920 0.031626865 0.401466161 6.501458168
0.379021019 0.100415051 0.919923902 2.073327303 -0.021125991 0.994774461 -0.099880941 -0.147152305 -0.925150096 0.018422160 0.379161179 6.527988911
0.352939427 0.092147708 0.931097567 2.159482002 -0.026341619 0.995722115 -0.088558152 -0.158435166 -0.935278356 0.006728670 0.353856444 6.549154282
0.335196584 0.063653521 0.939994752 2.258162022 -0.013127293 0.997933924 -0.062895343 -0.169638962 -0.942059755 0.008742230 0.335339606 6.561310768
0.307467103 0.045822158 0.950454116 2.348652363 -0.001920999 0.998867869 -0.047534261 -0.171074405 -0.951559603 0.012789158 0.307207137 6.563112259
0.290228248 0.048654128 0.955719233 2.392857075 0.002104474 0.998671889 -0.051479455 -0.171404511 -0.956957996 0.016951792 0.289740264 6.561273575
0.235154942 0.047682241 0.970787287 2.486267567 -0.000292187 0.998799503 -0.048986796 -0.173940033 -0.971960843 0.011235314 0.234886393 6.554122925
0.201487005 0.055822439 0.977898717 2.576175451 0.004060724 0.998318732 -0.057824098 -0.171669036 -0.979485452 0.015621476 0.200921357 6.543800831
0.115486450 0.057532020 0.991641045 2.715494871 0.008140857 0.998232901 -0.058861975 -0.187966600 -0.993278086 0.014870011 0.114814088 6.529097080
0.037368156 0.050919924 0.998003006 2.807664871 0.023117658 0.998389542 -0.051804792 -0.200455427 -0.999036431 0.025006905 0.036130480 6.509527206
-0.041666128 0.039678831 0.998342335 2.902497768 0.031780779 0.998758316 -0.038368318 -0.216108799 -0.998628259 0.030128863 -0.042874929 6.495645523
-0.104498908 0.047136862 0.993406415 2.987503052 0.033461068 0.998477340 -0.043857049 -0.218523130 -0.993964195 0.028657015 -0.105916932 6.472729683
-0.140668184 0.051098816 0.988736272 3.032031536 0.029214412 0.998446882 -0.047443628 -0.215893179 -0.989628136 0.022210941 -0.141942412 6.460743427
-0.164528146 0.064997301 0.984228194 3.120386839 0.010961026 0.997886181 -0.064066879 -0.224099606 -0.986312568 0.000247156 -0.164891988 6.440238953
-0.203036219 0.066916257 0.976881802 3.206468582 0.013836915 0.997759342 -0.065470554 -0.227546573 -0.979074657 0.000223886 -0.203506261 6.405770779
-0.221431747 0.059036259 0.973387063 3.251000881 0.015631754 0.998253047 -0.056988321 -0.235517830 -0.975053132 0.002596482 -0.221966609 6.390527725
-0.232544482 0.053760894 0.971098721 3.294021606 0.016723039 0.998544931 -0.051275827 -0.240330786 -0.972444713 0.004315470 -0.233103931 6.370904922
-0.250506610 0.046551224 0.966994941 3.335606098 0.025649801 0.998812258 -0.041438125 -0.244545221 -0.967777729 0.014422502 -0.251402050 6.349977970
-0.279880345 0.038664252 0.959255874 3.414300680 0.042365879 0.998713076 -0.027893547 -0.244976729 -0.959102392 0.032832626 -0.281157136 6.307466030
-0.301961124 0.050300319 0.951992810 3.499241829 0.037851516 0.998452663 -0.040749311 -0.253660470 -0.952569723 0.023729054 -0.303396046 6.259525299
-0.327990711 0.045223679 0.943598211 3.534502745 0.029433083 0.998858094 -0.037641406 -0.255115271 -0.944223881 0.015426458 -0.328945756 6.235424519
-0.338834733 0.058927536 0.938999116 3.610089779 0.029551346 0.998211205 -0.051980175 -0.254320502 -0.940383196 0.010135377 -0.339968473 6.182654858
-0.390625954 0.058502845 0.918688893 3.686972618 0.029682091 0.998259664 -0.050948903 -0.258554727 -0.920074105 0.007366478 -0.391681522 6.128016949
-0.428029418 0.064431831 0.901465297 3.758664846 0.043171354 0.997774243 -0.050816577 -0.268290669 -0.902736187 0.017166378 -0.429857314 6.062717915
-0.462676376 0.057759576 0.884643912 3.794958115 0.045053892 0.998117566 -0.041604586 -0.273362875 -0.885384917 0.020607213 -0.464406967 6.029595375
-0.518798530 0.048786197 0.853503942 3.875171661 0.058484469 0.998056531 -0.021499122 -0.282682508 -0.852896333 0.038762815 -0.520642102 5.961940289
-0.546673059 0.056603357 0.835431516 3.945477009 0.069775276 0.997321784 -0.021913489 -0.284383208 -0.834436595 0.046312813 -0.549157202 5.894152164
-0.575005233 0.054274879 0.816348076 4.019027710 0.056004554 0.998067617 -0.026908753 -0.284021944 -0.816233635 0.030246321 -0.576933265 5.831285000
-0.572646320 0.064839467 0.817235053 4.050747871 0.057496868 0.997588754 -0.038859602 -0.283540934 -0.817786634 0.024735421 -0.574993134 5.798062801
-0.606585920 0.069265082 0.791995764 4.107951164 0.062381230 0.997272670 -0.039440390 -0.285180360 -0.792569876 0.025481403 -0.609251738 5.730290890
-0.630734563 0.067512393 0.773056626 4.178611755 0.063865654 0.997345150 -0.034991767 -0.298014611 -0.773369312 0.027301054 -0.633370340 5.658493042
-0.643150210 0.067052685 0.762799025 4.234136581 0.071601592 0.997060537 -0.027274285 -0.306038648 -0.762388051 0.037076075 -0.646059334 5.585643768
-0.658404648 0.074121058 0.749006093 4.261453629 0.084183335 0.996147394 -0.024577126 -0.310241789 -0.747944891 0.046872064 -0.662106454 5.549456596
-0.659759700 0.072729513 0.747949719 4.295416832 0.073689334 0.996770024 -0.031923506 -0.314212888 -0.747858047 0.034053806 -0.662986696 5.512013435
-0.658563733 0.081190050 0.748133242 4.321739674 0.075812466 0.996263206 -0.041382018 -0.314990163 -0.748699427 0.029464798 -0.662256241 5.475526810
-0.676775455 0.068353385 0.733010411 4.376008034 0.064822055 0.997345865 -0.033153400 -0.313134462 -0.733333230 0.025077412 -0.679408431 5.402362823
-0.692731380 0.083255745 0.716376245 4.455489635 0.074211970 0.996270180 -0.044021923 -0.316019118 -0.717369854 0.022668038 -0.696323752 5.287309647
-0.711743116 0.091142513 0.696503878 4.505960941 0.089304566 0.995241344 -0.038976103 -0.326797068 -0.696742296 0.034459639 -0.716493428 5.209825516
-0.747033775 0.094583750 0.658024251 4.562774181 0.108603634 0.993893743 -0.019566532 -0.340287000 -0.655856133 0.056846589 -0.752742469 5.124773979
-0.754936755 0.100123942 0.648110628 4.588944435 0.118914373 0.992794335 -0.014857440 -0.345801771 -0.644927859 0.065853134 -0.761401355 5.083017349
-0.774387300 0.120625988 0.621108174 4.612643719 0.130672827 0.990986466 -0.029539343 -0.345855862 -0.619072556 0.058286805 -0.783168256 5.049058914
-0.802790105 0.113714449 0.585320950 4.695813179 0.113193884 0.992861271 -0.037640110 -0.347226351 -0.585422456 0.036037192 -0.809927464 4.929860592
-0.798595250 0.125990435 0.588536739 4.740666389 0.116906025 0.991693676 -0.053664025 -0.342842549 -0.590409338 0.025947418 -0.806687295 4.850292206
-0.806020260 0.124111027 0.578732431 4.763798237 0.118593380 0.991806448 -0.047526542 -0.342929780 -0.579888999 0.030326057 -0.814131439 4.809855938
-0.805412292 0.116841301 0.581091523 4.816174507 0.112891659 0.992674708 -0.043127302 -0.355858684 -0.581874609 0.030864123 -0.812694430 4.737095833
-0.792528272 0.096690819 0.602127910 5.019413471 0.090054400 0.995085359 -0.041261848 -0.364391536 -0.603158832 0.021522185 -0.797332406 4.366257668
-0.795594633 0.102715939 0.597061276 5.075348377 0.098076016 0.994359434 -0.040377591 -0.378239483 -0.597841024 0.026432727 -0.801178277 4.248668671
-0.831791103 0.087080270 0.548218906 5.113569260 0.091862820 0.995594740 -0.018762838 -0.393656999 -0.547438085 0.034753732 -0.836123884 4.162166119
-0.834687650 0.098271146 0.541891992 5.157594681 0.103466108 0.994411230 -0.020964656 -0.406382143 -0.540925086 0.038567387 -0.840184748 4.070523262
-0.840633154 0.099044383 0.532478929 5.203905106 0.103475474 0.994396508 -0.021606863 -0.400149882 -0.531636715 0.036934048 -0.846165597 3.983169794
-0.847255886 0.088767298 0.523723006 5.227715969 0.095045201 0.995359898 -0.014947539 -0.394305438 -0.522621512 0.037111793 -0.851755559 3.943273544
-0.833399832 0.090314567 0.545248091 5.273232460 0.087733403 0.995666325 -0.030824052 -0.385322511 -0.545670569 0.022146847 -0.837705910 3.861723423
-0.830957770 0.096861094 0.547841012 5.308920860 0.092916973 0.995058537 -0.034995601 -0.386292398 -0.548524976 0.021823302 -0.835849226 3.769601822
-0.826561451 0.084234789 0.556509614 5.349169254 0.084832810 0.996087134 -0.024771126 -0.399999589 -0.556420028 0.026734950 -0.830470979 3.682693958
-0.819886625 0.084397301 0.566273034 5.367842197 0.086033165 0.996006191 -0.023879865 -0.405087173 -0.566028118 0.029139062 -0.823871017 3.641384363
-0.801463485 0.091885097 0.590946257 5.406432152 0.092837192 0.995263457 -0.028842067 -0.411958843 -0.590798020 0.031745683 -0.806194603 3.556479931
-0.791945457 0.087138757 0.604344964 5.441376686 0.090942062 0.995557845 -0.024373990 -0.402605772 -0.603785157 0.035657138 -0.796349227 3.476499796
-0.761197269 0.090867355 0.642126024 5.505968571 0.083397172 0.995629907 -0.042030327 -0.393422604 -0.643139005 0.021558158 -0.765445709 3.345201015
-0.765111327 0.077230692 0.639252722 5.521092415 0.064795643 0.996976674 -0.042896051 -0.394945443 -0.640632808 0.008600720 -0.767799199 3.294433594
-0.767658949 0.082528882 0.635523677 5.583408356 0.079143248 0.996291041 -0.033779588 -0.415249467 -0.635954499 0.024366220 -0.771341324 3.181798458
-0.780926287 0.076103166 0.619971097 5.602964878 0.080685757 0.996524930 -0.020692836 -0.422059864 -0.619391680 0.033863388 -0.784350932 3.139703274
-0.783477485 0.082016259 0.615985215 5.647487640 0.089710832 0.995796561 -0.018482860 -0.429036468 -0.614912093 0.040779684 -0.787539959 3.057864904
-0.780582309 0.089386605 0.618633091 5.690134048 0.097400688 0.995026410 -0.020873552 -0.423906326 -0.617422283 0.043961715 -0.785402417 2.979175091
-0.776582003 0.072409213 0.625845611 5.734541416 0.078564599 0.996749580 -0.017835367 -0.413819641 -0.625103116 0.035318725 -0.779742658 2.906182766
-0.771753907 0.071714215 0.631868958 5.753242016 0.071738943 0.997096360 -0.025545795 -0.409422636 -0.631866515 0.025614621 -0.774653852 2.868427515
-0.779955089 0.058723766 0.623077393 5.797863483 0.061282832 0.997969627 -0.017344285 -0.411686420 -0.622831404 0.024656087 -0.781967342 2.770306110
-0.779765844 0.056733187 0.623498499 5.835425854 0.071123548 0.997465849 -0.001812004 -0.421866834 -0.622021854 0.042932402 -0.781821907 2.689368963
-0.770704925 0.039559703 0.635964394 5.879473686 0.055598393 0.998438954 0.005270699 -0.437524408 -0.634764075 0.039420564 -0.771700561 2.593584538
-0.759711325 0.042980295 0.648839831 5.896222115 0.056423318 0.998406410 -0.000071433 -0.438293248 -0.647809923 0.036555231 -0.760924935 2.555181503
-0.752158165 0.049290296 0.657137752 5.925805092 0.068142757 0.997670114 0.003163410 -0.429756820 -0.655451715 0.047158372 -0.753763974 2.479424000
-0.736109674 0.058317687 0.674346149 5.967210293 0.074749611 0.997191429 -0.004641585 -0.427035481 -0.672725797 0.046990205 -0.738399446 2.384511948
-0.735272110 0.069421388 0.674208283 6.016114235 0.084781371 0.996347725 -0.010131110 -0.430183321 -0.672452211 0.049710963 -0.738470495 2.264410019
-0.742413223 0.083981104 0.664659858 6.061496735 0.104963139 0.994441807 -0.008407779 -0.445439637 -0.661671937 0.063522384 -0.747098744 2.160650730
-0.761838853 0.082048319 0.642551541 6.100172043 0.102012821 0.994765818 -0.006071785 -0.456526965 -0.639686942 0.060922392 -0.766218185 2.075400829
-0.747252643 0.099478789 0.657054424 6.143629074 0.106070407 0.993911743 -0.029848021 -0.453707278 -0.656023324 0.047389731 -0.753251851 1.989032984
-0.759128451 0.094801575 0.644003451 6.167157173 0.098192997 0.994693398 -0.030679323 -0.451355457 -0.643496037 0.039946616 -0.764406085 1.934296727
-0.763551474 0.072674930 0.641647279 6.208890438 0.070181802 0.997099519 -0.029419474 -0.444599628 -0.641925752 0.022568285 -0.766434550 1.852436900
-0.745390117 0.096372150 0.659627795 6.252163887 0.072649382 0.995345235 -0.063325524 -0.445912898 -0.662661850 0.000718912 -0.748918891 1.762732506
-0.746704817 0.095473170 0.658270180 6.270659447 0.069505401 0.995427012 -0.065530054 -0.449226320 -0.661517739 -0.003178495 -0.749923289 1.719705582
-0.749153733 0.084297180 0.657012582 6.307177544 0.067523971 0.996420979 -0.050850626 -0.456529737 -0.658949196 0.006268858 -0.752161801 1.630912066
-0.737055242 0.082002722 0.670839190 6.346433163 0.063443311 0.996623874 -0.052120123 -0.465459973 -0.672851324 0.004144356 -0.739767313 1.535032749
-0.705765009 0.092511527 0.702379882 6.378291130 0.051108070 0.995502949 -0.079764359 -0.464987874 -0.706603289 -0.020397997 -0.707317173 1.453088522
-0.701671720 0.099840775 0.705470502 6.394093990 0.054717928 0.994760692 -0.086358488 -0.462947607 -0.710399389 -0.021993812 -0.703456521 1.413615227
-0.698967576 0.112949550 0.706177652 6.429738045 0.057582587 0.993130982 -0.101851277 -0.462659508 -0.712833822 -0.030527717 -0.700670183 1.325178146
