0.997894883 -0.061080642 -0.021810716 1.284136891 0.061766297 0.997568548 0.032282889 0.114680283 0.019785745 -0.033562042 0.999240816 0.093999878
0.997893512 -0.061119493 -0.021765545 1.284226298 0.061804894 0.997564018 0.032347798 0.115003645 0.019735374 -0.033624820 0.999239683 0.093441151
0.997900724 -0.060980309 -0.021824718 1.284376979 0.061668057 0.997572005 0.032363184 0.114774041 0.019798141 -0.033641081 0.999237895 0.093968712
0.997896016 -0.061088253 -0.021736594 1.284037352 0.061772346 0.997566640 0.032330189 0.114704207 0.019708635 -0.033604834 0.999240875 0.093913257
0.997898340 -0.061008386 -0.021855969 1.284275174 0.061700400 0.997564733 0.032525729 0.114058502 0.019818347 -0.033805843 0.999231994 0.094712175
0.997901857 -0.060969297 -0.021805175 1.284423232 0.061662283 0.997562647 0.032660928 0.114188895 0.019760659 -0.033936903 0.999228716 0.093972698
0.997908771 -0.060895797 -0.021695565 1.283884168 0.061578792 0.997578263 0.032341179 0.114170052 0.019673526 -0.033609480 0.999241531 0.094563238
0.997903168 -0.060976632 -0.021723004 1.283840418 0.061656907 0.997579515 0.032157321 0.115136564 0.019709516 -0.033429224 0.999246836 0.094496265
0.997906387 -0.060843013 -0.021948706 1.284410357 0.061522480 0.997601271 0.031736646 0.116375379 0.019965040 -0.033020500 0.999255359 0.093615994
0.997915626 -0.060660660 -0.022036163 1.284754395 0.061343409 0.997611821 0.031753398 0.116221011 0.020057289 -0.033038944 0.999252915 0.094712876
0.997911692 -0.060724881 -0.022037674 1.284813285 0.061412189 0.997600436 0.031979155 0.115990758 0.020042799 -0.033265714 0.999245644 0.094507992
0.997920096 -0.060648229 -0.021865172 1.285053253 0.061328586 0.997607291 0.031917367 0.114109837 0.019877067 -0.033191890 0.999251485 0.094314411
0.997912765 -0.060805231 -0.021763436 1.283989191 0.061481506 0.997599006 0.031884350 0.113343783 0.019772373 -0.033155799 0.999254763 0.095058814
0.997924507 -0.060614403 -0.021754542 1.284244299 0.061285082 0.997619629 0.031613406 0.113555886 0.019786455 -0.032880966 0.999263644 0.095226713
0.997920573 -0.060648255 -0.021841293 1.284344077 0.061322477 0.997616231 0.031648621 0.113764666 0.019869717 -0.032922115 0.999260664 0.095226340
0.997929633 -0.060544770 -0.021716030 1.284049153 0.061214570 0.997623384 0.031631876 0.113406211 0.019749202 -0.032895669 0.999263823 0.095146433
0.997917473 -0.060740009 -0.021727385 1.283942938 0.061408982 0.997613311 0.031574380 0.113693655 0.019757623 -0.032842826 0.999265492 0.094967633
0.997912288 -0.060829990 -0.021717371 1.284021735 0.061501186 0.997603595 0.031704776 0.113752745 0.019736648 -0.032974184 0.999261498 0.094916239
0.997907221 -0.060876157 -0.021821622 1.284121513 0.061555039 0.997593462 0.031919505 0.113952145 0.019825891 -0.033195890 0.999252439 0.094865993
0.997905672 -0.060933746 -0.021728182 1.283964515 0.061617758 0.997576118 0.032337110 0.115177929 0.019705033 -0.033608183 0.999240935 0.094414398
0.997896612 -0.061134707 -0.021582106 1.283335686 0.061817456 0.997557640 0.032527044 0.115496106 0.019540802 -0.033792738 0.999237955 0.094871134
0.997893512 -0.061156627 -0.021657392 1.283648968 0.061844081 0.997552216 0.032637544 0.114479877 0.019608306 -0.033908125 0.999232590 0.094981492
0.997889519 -0.061240397 -0.021606339 1.283154964 0.061927196 0.997545302 0.032694053 0.114106841 0.019551031 -0.033963025 0.999231875 0.095429353
0.997877300 -0.061411947 -0.021681132 1.283245564 0.062101398 0.997534096 0.032702900 0.114599921 0.019619247 -0.033979859 0.999229968 0.095424913
0.997887075 -0.061269265 -0.021636285 1.283513427 0.061958238 0.997541308 0.032753553 0.114591449 0.019576229 -0.034024842 0.999229252 0.095124133
0.997885883 -0.061311748 -0.021575939 1.283110738 0.061994962 0.997545302 0.032564282 0.114812195 0.019526320 -0.033832997 0.999236763 0.095515281
0.997881949 -0.061391406 -0.021531215 1.283546448 0.062060911 0.997561395 0.031940863 0.115490332 0.019517729 -0.033209413 0.999257863 0.094303802
0.997880399 -0.061399534 -0.021575795 1.283119917 0.062059317 0.997579634 0.031369545 0.115873486 0.019597437 -0.032641996 0.999275029 0.094552994
0.997879207 -0.061441567 -0.021513222 1.283239007 0.062104415 0.997568548 0.031631608 0.116245106 0.019517355 -0.032900546 0.999268174 0.093875997
0.997881532 -0.061384629 -0.021566417 1.283138037 0.062056623 0.997559488 0.032008089 0.115070291 0.019548897 -0.033278584 0.999254942 0.095413104
0.997890234 -0.061244622 -0.021563230 1.283143282 0.061921086 0.997560501 0.032239474 0.114541046 0.019536048 -0.033506632 0.999247670 0.096097268
0.997907996 -0.060927570 -0.021642571 1.283303261 0.061615463 0.997565091 0.032680906 0.113870427 0.019598620 -0.033946011 0.999231637 0.095378004
0.997891009 -0.061231066 -0.021565797 1.282464385 0.061930813 0.997520745 0.033428002 0.113217793 0.019465413 -0.034693051 0.999208510 0.095897473
0.997894883 -0.061190110 -0.021514457 1.283244848 0.061875172 0.997546196 0.032763507 0.115012154 0.019456781 -0.034025688 0.999231637 0.095278859
0.997906804 -0.060927507 -0.021701340 1.284076810 0.061612219 0.997573793 0.032418396 0.115349509 0.019673431 -0.033687554 0.999238849 0.094600998
0.997887611 -0.061325289 -0.021456247 1.282969356 0.062006585 0.997540951 0.032674130 0.114470668 0.019399654 -0.033935498 0.999235809 0.095364563
0.997890115 -0.061233338 -0.021610199 1.283366919 0.061914980 0.997554839 0.032424156 0.115415201 0.019571841 -0.033693671 0.999240696 0.095434353
0.997895181 -0.061224841 -0.021399438 1.283143163 0.061902732 0.997549951 0.032597046 0.115469642 0.019351181 -0.033853050 0.999239624 0.094627351
0.997890413 -0.061276011 -0.021480886 1.283347726 0.061946712 0.997563779 0.032085095 0.116740525 0.019462399 -0.033348065 0.999254525 0.095351681
0.997897804 -0.061191514 -0.021378241 1.283221483 0.061861392 0.997565031 0.032216899 0.116831951 0.019354640 -0.033471722 0.999252439 0.095232576
0.997896135 -0.061218083 -0.021377232 1.283038616 0.061892886 0.997554898 0.032471493 0.116060339 0.019336924 -0.033726431 0.999244094 0.095387518
0.997887254 -0.061330482 -0.021466671 1.282813430 0.062008835 0.997546911 0.032498907 0.115855448 0.019420575 -0.033761360 0.999241352 0.095523253
0.997893035 -0.061218757 -0.021523973 1.283264041 0.061898790 0.997554004 0.032481723 0.115353107 0.019482536 -0.033745613 0.999240816 0.095258079
0.997894526 -0.061168604 -0.021572851 1.283361316 0.061851315 0.997556090 0.032513581 0.113993354 0.019530494 -0.033779744 0.999238729 0.095728219
0.997882545 -0.061341032 -0.021644916 1.283294320 0.062015694 0.997563064 0.031987488 0.115669467 0.019629324 -0.033262249 0.999254107 0.095465012
0.997883141 -0.061354589 -0.021581711 1.283367395 0.062023170 0.997569025 0.031781115 0.116313539 0.019578654 -0.033052534 0.999262094 0.095124438
0.997885108 -0.061361637 -0.021474401 1.283300638 0.062019866 0.997579515 0.031454563 0.117649123 0.019492079 -0.032719862 0.999274671 0.094315678
0.997882605 -0.061399497 -0.021482646 1.283538818 0.062057409 0.997578979 0.031404596 0.116090752 0.019501649 -0.032671493 0.999276102 0.094132178
0.997894704 -0.061192833 -0.021508601 1.283485174 0.061844405 0.997602820 0.031057026 0.116182595 0.019556392 -0.032321751 0.999286354 0.094182618
0.997905016 -0.061019626 -0.021532932 1.283721566 0.061667703 0.997620881 0.030833390 0.115961082 0.019600015 -0.032096665 0.999292850 0.094377242
0.997900963 -0.061137389 -0.021389417 1.282402754 0.061787445 0.997602761 0.031162864 0.114107050 0.019432260 -0.032419089 0.999285638 0.097231865
0.997911274 -0.062421545 -0.016652372 1.288798451 0.062990472 0.997358739 0.036163419 0.204219460 0.014350935 -0.037136745 0.999207139 0.038772147
0.998038650 -0.062567607 -0.002187820 1.287303567 0.062605657 0.997339010 0.037355371 0.202061370 -0.000155301 -0.037418995 0.999299645 0.041382808
0.998030901 -0.062722512 -0.000929903 1.287934065 0.062713407 0.997331619 0.037371557 0.202464819 -0.001416679 -0.037356209 0.999301016 0.039769508
0.998003006 -0.062485214 0.009293023 1.288755774 0.062098254 0.997372150 0.037317649 0.203189135 -0.011600465 -0.036665969 0.999260247 0.040064648
0.997974694 -0.062749043 0.010485593 1.289407492 0.062316071 0.997352064 0.037487719 0.202486902 -0.012810197 -0.036758307 0.999241948 0.039080270
0.996807277 -0.062729783 0.049407151 1.291497588 0.060789239 0.997354865 0.039847396 0.202796593 -0.051776100 -0.036716688 0.997983396 0.042464763
0.994863451 -0.062705405 0.079469606 1.293683171 0.059521016 0.997350395 0.041827269 0.203875601 -0.081881866 -0.036882229 0.995959342 0.042812370
0.993501186 -0.062304057 0.095259458 1.295358777 0.058434941 0.997369766 0.042883135 0.204304606 -0.097680733 -0.037037887 0.994528413 0.043647781
0.992844999 -0.062712483 0.101620436 1.294909358 0.058766454 0.997414052 0.041373398 0.203267306 -0.103952400 -0.035105426 0.993962348 0.044465914
0.991297007 -0.062695250 0.115760036 1.295793056 0.058754683 0.997581065 0.037148520 0.202642694 -0.117809162 -0.030023701 0.992582083 0.046337247
0.990185201 -0.062245287 0.125138342 1.296190977 0.058534727 0.997735918 0.033116877 0.202496395 -0.126916483 -0.025466839 0.991586268 0.048251122
0.989853859 -0.062621914 0.127548099 1.296831489 0.058638714 0.997674108 0.034752093 0.202136308 -0.129427806 -0.026920162 0.991223216 0.047724918
0.989371717 -0.062241785 0.131416589 1.296781063 0.058518130 0.997772992 0.032012947 0.203743666 -0.133116558 -0.023982385 0.990809977 0.047017783
0.989017248 -0.061727624 0.134295374 1.299638629 0.057654358 0.997756958 0.034015056 0.201379955 -0.136093974 -0.025898702 0.990357101 0.048268124
0.984052479 -0.061252929 0.167001054 1.302084327 0.056429826 0.997845113 0.033479232 0.201473191 -0.168691978 -0.023521418 0.985387981 0.051913440
0.974874020 -0.061217733 0.214181438 1.303516626 0.054789241 0.997854888 0.035828792 0.201669246 -0.215915456 -0.023193657 0.976136327 0.055200964
0.968939781 -0.060938023 0.239672810 1.306984067 0.053600270 0.997876108 0.037022114 0.201340750 -0.241419896 -0.023025591 0.970147669 0.054384530
0.966554463 -0.061342698 0.249018893 1.306873918 0.053737663 0.997860909 0.037230704 0.202833295 -0.250770152 -0.022603730 0.967782676 0.054604173
0.962738931 -0.062132653 0.263200015 1.307060122 0.053362150 0.997759879 0.040348366 0.201949790 -0.265117466 -0.024799939 0.963897109 0.056261033
0.960467100 -0.061922316 0.271421224 1.307303309 0.052526541 0.997746348 0.041753538 0.201604456 -0.273395061 -0.025845999 0.961554527 0.056644440
0.960316360 -0.060839623 0.272198468 1.308389068 0.051899169 0.997853637 0.039932180 0.201763451 -0.274043828 -0.024220573 0.961412013 0.054861784
0.960161090 -0.061511379 0.272595108 1.308454514 0.051657468 0.997730672 0.043186262 0.202162355 -0.274633080 -0.027384112 0.961158991 0.055340290
0.957521558 -0.063611217 0.281259924 1.307354093 0.048810359 0.997044623 0.059327021 0.202756941 -0.284202665 -0.043078411 0.957795858 0.056703269
0.957505524 -0.064280979 0.281162441 1.307079196 0.049123552 0.996950328 0.060637332 0.203092679 -0.284202993 -0.044248782 0.957742393 0.057785451
0.957465351 -0.073256843 0.279095948 1.308198452 0.048722569 0.994392693 0.093860023 0.206339747 -0.284406871 -0.076269358 0.955665112 0.053406894
0.953850687 -0.078214899 0.289917946 1.301971316 0.048858713 0.993041098 0.107157096 0.206086993 -0.296281636 -0.088046752 0.951033592 0.061853051
0.948566079 -0.068007641 0.309189856 1.297717452 0.039007097 0.994319379 0.099034801 0.205188870 -0.314168513 -0.081880361 0.945829690 0.063737452
0.943999112 -0.072808795 0.321816385 1.297738671 0.052255318 0.996030629 0.072062373 0.208967954 -0.325785905 -0.051210113 0.944055617 0.050745279
0.943512619 -0.078697294 0.321857154 1.297835588 0.061180647 0.996060371 0.064198010 0.210478425 -0.325641453 -0.040880125 0.944609165 0.048939884
0.943257093 -0.079336837 0.322448730 1.288336635 0.061760589 0.996011794 0.064395800 0.208471164 -0.326271832 -0.040827096 0.944393933 0.060358554
0.946555138 -0.066373631 0.315641195 1.280843019 0.049791522 0.996936738 0.060321476 0.205945238 -0.318678170 -0.041381270 0.946959257 0.065332174
0.954077721 -0.060240231 0.293441951 1.275903225 0.044761807 0.997243166 0.059187029 0.207351163 -0.296198547 -0.043333963 0.954142809 0.061893731
0.957565248 -0.062521927 0.281356126 1.277530193 0.047774896 0.997115374 0.058978915 0.211587310 -0.284232110 -0.043034289 0.957789183 0.049066365
0.962507963 -0.049958136 0.266616076 1.268124700 0.040044975 0.998293936 0.042493217 0.214635536 -0.268284231 -0.030223336 0.962865531 0.054441154
0.967342436 -0.050932657 0.248306349 1.257964253 0.045407575 0.998577952 0.027931817 0.217919096 -0.249376044 -0.015744554 0.968278706 0.055495203
0.972165823 -0.042352211 0.230436847 1.243924856 0.038397752 0.999029100 0.021620413 0.225441769 -0.231128827 -0.012170319 0.972846806 0.049751341
0.973343492 -0.041503202 0.225568697 1.237633705 0.038487829 0.999101758 0.017751083 0.231355026 -0.226102859 -0.008596200 0.974065304 0.047306657
0.975970328 -0.036607210 0.214809611 1.218296766 0.037465472 0.999298215 0.000076296 0.236226112 -0.214661717 0.007973476 0.976655602 0.047243088
0.979263902 -0.004265242 0.202547908 1.205042362 0.010308485 0.999532282 -0.028790122 0.238178834 -0.202330485 0.030281039 0.978848755 0.046211928
0.979664028 -0.015406641 0.200057790 1.177519202 0.021511158 0.999365807 -0.028375339 0.247246593 -0.199493885 0.032101784 0.979372859 0.047453761
0.982393980 -0.025229974 0.185114250 1.159150362 0.030989869 0.999119222 -0.028287096 0.254170418 -0.184237525 0.033525724 0.982309699 0.053325117
0.986119568 -0.030999565 0.163123086 1.139923930 0.035624381 0.999039769 -0.025501639 0.262363255 -0.162175894 0.030958768 0.986275911 0.063150272
0.987997293 -0.032950111 0.150921687 1.131731272 0.037595090 0.998899758 -0.028026316 0.265980124 -0.149832129 0.033363771 0.988148212 0.068665668
0.989108682 -0.027839072 0.144533917 1.121850252 0.032507770 0.999020338 -0.030037999 0.270166844 -0.143555522 0.034408957 0.989043772 0.070510238
0.989496350 -0.021668239 0.142928466 1.112699747 0.026997259 0.999007165 -0.035448644 0.273741722 -0.142018005 0.038934808 0.989097893 0.077241704
0.989663184 0.022047227 0.141710624 1.090731621 -0.016562682 0.999072313 -0.039763253 0.282716930 -0.142455295 0.037004773 0.989109099 0.092280924
0.992900431 0.010315952 0.118507579 1.068428874 -0.003474643 0.998322785 -0.057788640 0.287722766 -0.118904628 0.056967288 0.991270244 0.108146936
0.992314696 -0.023067385 0.121577874 1.044482470 0.030298207 0.997859120 -0.057963368 0.295752108 -0.119980194 0.061202191 0.990888059 0.128428310
0.992151082 -0.025986349 0.122321323 1.032914281 0.032484908 0.998147845 -0.051434971 0.298487872 -0.120757923 0.055005431 0.991156876 0.138645679
0.993440807 -0.022684405 0.112082370 1.010425687 0.027567219 0.998728454 -0.042206574 0.301593035 -0.110981956 0.045020014 0.992802262 0.159732863
0.995820224 -0.010623452 0.090721399 0.988466203 0.013220532 0.999518633 -0.028077425 0.302833766 -0.090379179 0.029159648 0.995480239 0.178526372
0.996393859 -0.007216074 0.084547862 0.976037741 0.009530852 0.999589920 -0.027009668 0.302451789 -0.084318072 0.027718130 0.996052980 0.188492358
0.997063279 -0.004713614 0.076445051 0.962861180 0.006030924 0.999837279 -0.017014068 0.303677440 -0.076352201 0.017425368 0.996928453 0.201303661
0.997207046 0.010893078 0.073903218 0.949940324 -0.012810441 0.999592304 0.025519917 0.302466154 -0.073594943 -0.026395489 0.996939123 0.211434335
0.997070789 0.040602282 0.064833350 0.936938047 -0.043609913 0.998004377 0.045669798 0.301506221 -0.062849365 -0.048363633 0.996850669 0.222685501
1.000000715 0.000000020 -0.000000058 0.000000834 0.000000020 1.000000238 0.000000072 0.000000060 -0.000000058 0.000000072 1.000000119 -0.000000022
0.999801695 0.019932916 0.000849778 -0.018127918 -0.019936377 0.999792039 0.004340576 0.001929746 -0.000763190 -0.004356516 0.999990344 0.021978585
0.999680340 -0.008597756 -0.023805952 -0.031369638 0.009158057 0.999681473 0.023526799 0.001688785 0.023595966 -0.023737138 0.999439836 0.042298611
0.999136865 -0.007661728 -0.040843781 -0.040024210 0.009138404 0.999306977 0.036090273 0.000096536 0.040538821 -0.036432199 0.998513639 0.054165460
0.997975886 0.005020111 -0.063401408 -0.040068366 -0.001554996 0.998508155 0.054584760 -0.007685672 0.063580729 -0.054375555 0.996494412 0.086572811
0.996154130 0.026775004 -0.083431989 -0.048770405 -0.021687739 0.997884214 0.061295457 -0.014429930 0.084896535 -0.059250128 0.994626760 0.107151978
0.996345222 0.060392886 -0.060413152 -0.048040096 -0.056254387 0.996097922 0.068005361 -0.020560563 0.064284340 -0.064358167 0.995854378 0.147605866
0.996533394 0.056809988 -0.060791407 -0.034097470 -0.054738164 0.997879446 0.035221305 -0.018896366 0.062663175 -0.031771403 0.997528553 0.185315236
0.996484876 0.068543315 -0.048182789 -0.015589687 -0.067733020 0.997536540 0.018255094 -0.015753465 0.049315143 -0.014927194 0.998671293 0.224065483
0.996674538 0.071022220 -0.039968796 -0.006895013 -0.070306674 0.997343898 0.019033777 -0.014373157 0.041214243 -0.016160240 0.999019206 0.242798835
0.995507836 0.074120551 -0.058925368 0.014073940 -0.074304372 0.997235358 -0.000931870 -0.007359848 0.058693144 0.005306238 0.998261571 0.279941708
0.996466577 0.055336595 -0.063205443 0.019292666 -0.055744879 0.998434663 -0.004712240 -0.001624074 0.062845461 0.008219189 0.997989535 0.313079029
0.995662272 0.063479275 -0.068043739 0.035567127 -0.065552779 0.997437596 -0.028683333 0.002187905 0.066048279 0.033019532 0.997269928 0.353157192
0.996873260 0.060846247 -0.050439157 0.044461429 -0.062937833 0.997176945 -0.040969878 0.003936616 0.047803633 0.044016451 0.997886419 0.378086805
0.998847842 0.046876982 -0.010401726 0.063899040 -0.047291160 0.997913599 -0.043974362 0.006248936 0.008318447 0.044415750 0.998978555 0.426923305
0.998206317 0.051146783 0.031160474 0.073310763 -0.049289744 0.997116566 -0.057699528 0.005408442 -0.034022115 0.056060333 0.997847497 0.482724637
0.996157885 0.052812707 0.069879368 0.083262578 -0.048469968 0.996870756 -0.062445968 0.006936934 -0.072958931 0.058819186 0.995598972 0.545128167
0.994140327 0.051600561 0.095001772 0.087935999 -0.046152961 0.997209966 -0.058673050 0.008989565 -0.097764514 0.053944834 0.993746459 0.578411281
0.992884457 0.055821847 0.105200902 0.094065599 -0.049466562 0.996844530 -0.062082164 0.017222006 -0.108334713 0.056436684 0.992511094 0.643946767
0.993195415 0.054637786 0.102851748 0.105386570 -0.047017004 0.996066570 -0.075115047 0.024959449 -0.106551558 0.069768459 0.991856635 0.708375454
0.991768181 0.053469911 0.116351582 0.109476678 -0.045150463 0.996310055 -0.073000669 0.029421993 -0.119825825 0.067146726 0.990521848 0.741344392
0.992357969 0.060627624 0.107475132 0.117260449 -0.052371752 0.995574236 -0.078043103 0.039814629 -0.111731283 0.071818352 0.991140246 0.807776034
0.992533743 0.049467865 0.111492418 0.130633235 -0.041814767 0.996673405 -0.069965802 0.048595216 -0.114582799 0.064781711 0.991299570 0.878082812
0.991391242 0.046590507 0.122372098 0.155239999 -0.040901449 0.997981608 -0.048598409 0.049374741 -0.124389760 0.043174915 0.991293550 0.987060070
0.989730775 0.057418376 0.130912527 0.175160646 -0.053512689 0.998017311 -0.033162035 0.046084657 -0.132557467 0.025816115 0.990838945 1.066987514
0.989086866 0.060378417 0.134400561 0.188857183 -0.056950733 0.997950613 -0.029206790 0.045326158 -0.135888949 0.021233957 0.990496337 1.105600834
0.988853574 0.055452738 0.138186172 0.199804708 -0.052752815 0.998340845 -0.023127161 0.047014333 -0.139239758 0.015579801 0.990136027 1.145402670
0.991466463 0.039165933 0.124348864 0.225464448 -0.036870576 0.999106765 -0.020707207 0.054756243 -0.125049219 0.015945829 0.992022038 1.217410922
0.991539717 0.044312723 0.122015417 0.237722352 -0.042486083 0.998944461 -0.017532371 0.060034253 -0.122663960 0.012200237 0.992372870 1.252977014
0.991161227 0.041418098 0.126041278 0.255647898 -0.039881930 0.999097705 -0.014687384 0.065621510 -0.126536280 0.009530958 0.991915882 1.332878113
0.988881052 0.039373279 0.143409953 0.277304888 -0.037498605 0.999173760 -0.015751969 0.072442211 -0.143912032 0.010199309 0.989537537 1.408228159
0.979103744 0.040778205 0.199239120 0.320370018 -0.037543941 0.999094367 -0.019985495 0.065751016 -0.199874610 0.012087971 0.979747176 1.524213314
0.972897470 0.035584543 0.228489101 0.345068812 -0.031980820 0.999298334 -0.019456258 0.070540220 -0.229022056 0.011622002 0.973352134 1.606919289
0.969080329 0.033036605 0.244529694 0.372577935 -0.029371543 0.999394357 -0.018620402 0.076116934 -0.244997621 0.010862781 0.969463170 1.688804388
0.967424393 0.058824349 0.246241122 0.421485841 -0.058204878 0.998256028 -0.009799466 0.079749204 -0.246389136 -0.004851964 0.969158292 1.803745627
0.972173512 0.064283445 0.225279778 0.457465023 -0.061550781 0.997919917 -0.019139636 0.088946164 -0.226042524 0.004741097 0.974105358 1.878440738
0.968463838 0.063788287 0.240861133 0.505639553 -0.062688686 0.997958779 -0.012233166 0.087908112 -0.241150618 -0.003251609 0.970482051 1.949786067
0.967166126 0.050677218 0.249051303 0.532065749 -0.051029909 0.998685002 -0.005044401 0.089515164 -0.248980224 -0.007829865 0.968476713 1.986655831
0.965056777 0.024477853 0.260905176 0.586474121 -0.029170103 0.999475837 0.014126728 0.096139856 -0.260423571 -0.021243360 0.965260565 2.061567545
0.954350889 -0.011853185 0.298455775 0.645599842 -0.001785106 0.998968124 0.045382340 0.107083179 -0.298686773 -0.043842927 0.953343570 2.133330822
0.948625445 -0.009429564 0.316263855 0.704767048 -0.007865678 0.998544097 0.053365178 0.114296801 -0.316307753 -0.053110644 0.947168767 2.201173067
0.950395942 0.000271669 0.311052114 0.728241324 -0.013625460 0.999076307 0.040759202 0.114377610 -0.310754806 -0.042975444 0.949517250 2.239851236
0.949611187 0.008459346 0.313325882 0.756668031 -0.017995210 0.999458373 0.027555326 0.117986158 -0.312924176 -0.031805139 0.949244559 2.272380829
0.941348016 0.006644315 0.337380290 0.784603179 -0.015535832 0.999599278 0.023661898 0.121715561 -0.337088913 -0.027515464 0.941069722 2.305744171
0.923612118 0.004991041 0.383301795 0.837899268 -0.011854782 0.999808133 0.015547643 0.123365670 -0.383151114 -0.018903824 0.923492551 2.380911589
0.900310040 0.026884507 0.434421360 0.893838286 -0.030929442 0.999520063 0.002243978 0.120994560 -0.434152514 -0.015456653 0.900706530 2.456300497
0.899684191 0.043343395 0.434387535 0.921210527 -0.041969210 0.999038517 -0.012759127 0.124427825 -0.434522957 -0.006751761 0.900635421 2.493000507
0.889110327 0.032113221 0.456568360 0.972415924 -0.025165852 0.999457538 -0.021289820 0.132489935 -0.457004428 0.007439228 0.889433146 2.565165520
0.893364549 0.065693125 0.444509447 1.021619439 -0.060410790 0.997834682 -0.026054993 0.128678203 -0.445258886 -0.003576679 0.895394146 2.643128633
0.900675297 0.080198906 0.427029997 1.102676630 -0.073615834 0.996775866 -0.031931885 0.123015955 -0.428215086 -0.002675871 0.903672338 2.752197266
0.899854660 0.079996347 0.428794384 1.133805871 -0.076490618 0.996746421 -0.025432229 0.118845046 -0.429434747 -0.009913225 0.903042972 2.789385796
0.901021957 0.068326376 0.428361416 1.166809082 -0.069447078 0.997500956 -0.013030611 0.114051968 -0.428182483 -0.018007217 0.903512359 2.827046156
0.918136239 0.047070865 0.393460929 1.228355050 -0.053843915 0.998531044 0.006188363 0.107939467 -0.392592430 -0.026867082 0.919320583 2.896640062
0.934444726 0.018258048 0.355641931 1.260041237 -0.023826471 0.999653101 0.011284577 0.113237247 -0.355313540 -0.019018181 0.934554160 2.924979210
0.939213216 -0.009563270 0.343203396 1.290864348 0.008710775 0.999954820 0.004026831 0.118860133 -0.343227118 -0.000792180 0.939252615 2.952322721
0.937376082 -0.005288921 0.348280728 1.322777987 0.005698998 0.999984503 -0.000151332 0.124757744 -0.348275542 0.002126885 0.937390208 2.984293461
0.940554380 -0.020539239 0.339025795 1.382060528 0.034044106 0.998845160 -0.033934314 0.128423750 -0.337937385 0.043458775 0.940165639 3.041909456
0.929654598 -0.032100912 0.367035359 1.444589853 0.052538272 0.997568011 -0.045824870 0.132607624 -0.364671975 0.061884411 0.929078102 3.107962132
0.925735950 -0.031683814 0.376844853 1.468268871 0.053330004 0.997464478 -0.047143336 0.128270090 -0.374396443 0.063739277 0.925075591 3.142482042
0.904298723 -0.037235513 0.425276816 1.524092674 0.053684000 0.998200417 -0.026753150 0.129704744 -0.423516154 0.047023125 0.904667497 3.219354391
0.893256962 -0.015923172 0.449267715 1.576073647 0.021774275 0.999732852 -0.007858988 0.137085080 -0.449023217 0.016802460 0.893362403 3.301482201
0.899332702 -0.003869914 0.437250435 1.620420218 0.008408769 0.999929190 -0.008444573 0.149982497 -0.437187821 0.011271053 0.899299562 3.383400440
0.913434863 -0.000928550 0.406986564 1.697804213 0.003499193 0.999978542 -0.005571500 0.184568271 -0.406973600 0.006513219 0.913416624 3.500912189
0.914339066 -0.009358267 0.404843718 1.753579736 0.003691328 0.999884188 0.014776975 0.192225218 -0.404936016 -0.012016958 0.914266050 3.578524351
0.918245256 -0.005948700 0.395970196 1.802974105 -0.003474951 0.999726951 0.023077987 0.181588441 -0.396001786 -0.022567119 0.917973518 3.658330917
0.916046798 -0.014631723 0.400807232 1.834252596 0.001612029 0.999459922 0.032802582 0.183862358 -0.401072830 -0.029402576 0.915575266 3.692446709
0.912680745 -0.018190205 0.408271164 1.864620209 0.000095086 0.999017656 0.044298574 0.187111422 -0.408678293 -0.040391281 0.911785364 3.727236509
0.916909456 -0.012276094 0.398909539 1.896499157 -0.009007119 0.998635113 0.051436380 0.193332732 -0.398998588 -0.050755333 0.915546834 3.760032177
0.912885725 -0.017996777 0.407823533 1.956752777 -0.001811680 0.998839736 0.048133705 0.203120202 -0.408217400 -0.044679407 0.911790848 3.826758862
0.912484169 -0.006048188 0.409072608 1.989888191 -0.011396983 0.999127150 0.040195223 0.210634232 -0.408959687 -0.041339673 0.911615431 3.857292652
0.913431346 -0.000595596 0.406997383 2.023183346 -0.009687440 0.999684215 0.023205161 0.219449729 -0.406883687 -0.025139133 0.913134038 3.887614250
0.903867483 -0.009213768 0.427718312 2.057647228 0.000263399 0.999780178 0.020981161 0.227026165 -0.427818537 -0.018851696 0.903667927 3.916531086
0.876112282 -0.016487276 0.481829315 2.120352268 -0.005409483 0.999015749 0.044021241 0.229278892 -0.482082516 -0.041173913 0.875157833 3.977020502
0.867549241 -0.024381673 0.496757239 2.190130711 0.000710677 0.998857379 0.047785107 0.233017534 -0.497355908 -0.041102670 0.866572380 4.041153431
0.852105379 -0.041012049 0.521764636 2.225248575 0.009940574 0.998013258 0.062213223 0.235609621 -0.523280978 -0.047825374 0.850817204 4.072178841
0.820521951 -0.071613587 0.567113638 2.291794300 0.032844972 0.996389270 0.078300811 0.236689150 -0.570675373 -0.045620572 0.819908559 4.140344620
0.819539487 -0.065647110 0.569252014 2.357131958 0.041264810 0.997598648 0.055637240 0.250104606 -0.571539640 -0.022106744 0.820277512 4.203807354
0.808604360 -0.024423607 0.587849915 2.448058844 0.000505073 0.999167502 0.040819604 0.267232180 -0.588362694 -0.032710027 0.807937384 4.295330524
0.805781603 -0.023272377 0.591759801 2.479429722 0.001224782 0.999291897 0.037633087 0.272426784 -0.592221677 -0.029599279 0.805233359 4.324403286
0.798336864 -0.017641582 0.601957083 2.511327744 -0.009498970 0.999078512 0.041879658 0.275564551 -0.602146149 -0.039152112 0.797427416 4.355100632
0.794390738 -0.007705315 0.607362866 2.577163458 -0.016273491 0.999291539 0.033963744 0.275112867 -0.607199490 -0.036864534 0.793696046 4.406877995
0.772573292 -0.010952119 0.634836435 2.643246651 -0.022660397 0.998739660 0.044807740 0.269745111 -0.634531081 -0.049002934 0.771344185 4.471929073
0.763349891 -0.009825274 0.645915806 2.675587416 -0.030283846 0.998241782 0.050975073 0.272564143 -0.645284832 -0.058472686 0.761702716 4.504141808
0.766269028 -0.000287516 0.642525077 2.709544182 -0.042870130 0.997749805 0.051573634 0.277671188 -0.641097844 -0.067064568 0.764524937 4.531700611
0.763208449 -0.007461343 0.646114469 2.743292093 -0.034633413 0.998024940 0.052435786 0.285080671 -0.645233393 -0.062396754 0.761434853 4.557217121
0.756783605 -0.009193745 0.653606653 2.813397884 -0.027009083 0.998608351 0.045319948 0.290768981 -0.653118610 -0.051950712 0.755473852 4.602240562
0.757772744 -0.002603299 0.652519047 2.847337723 -0.023339326 0.999245167 0.031091323 0.295277327 -0.652112246 -0.038789652 0.757131696 4.626450062
0.726324141 -0.010473117 0.687278092 2.919759274 -0.013384796 0.999479771 0.029376492 0.301205218 -0.687232494 -0.030536029 0.725797772 4.673829556
0.698798895 -0.023008399 0.714948058 2.985108852 0.001081000 0.999514639 0.031109883 0.294882894 -0.715320587 -0.020966453 0.698484004 4.727416992
0.648817122 -0.033838198 0.760191679 3.061798573 0.000874490 0.999042749 0.043723911 0.291197568 -0.760946691 -0.027703762 0.648224890 4.779019356
0.623972774 -0.038931429 0.780475914 3.098799467 -0.003338233 0.998615563 0.052481659 0.290107697 -0.781441927 -0.035352200 0.622977972 4.804943085
0.584771633 -0.018254975 0.810992956 3.170926571 -0.018383054 0.999191582 0.035746671 0.288952947 -0.810991406 -0.035812017 0.583962381 4.862139225
0.528044224 0.002307073 0.849214077 3.245016098 -0.041717671 0.998859167 0.023226861 0.302484035 -0.848192990 -0.047691926 0.527537107 4.910696507
0.507552266 0.019446569 0.861401677 3.317730427 -0.064207926 0.997818947 0.015306509 0.312125176 -0.859227657 -0.063077606 0.507692873 4.955438614
0.495449096 0.016011704 0.868489802 3.357263088 -0.060515020 0.998036981 0.016122567 0.320056617 -0.866528630 -0.060544532 0.495444417 4.975238800
0.470888704 -0.001451504 0.882191658 3.397852421 -0.056528866 0.997893631 0.031815998 0.326492786 -0.880381882 -0.064851001 0.469813883 4.994503498
0.452674001 -0.019758478 0.891457319 3.438372612 -0.058049068 0.996980548 0.051574461 0.329243541 -0.889786661 -0.075094536 0.450159281 5.014591217
0.445822775 -0.044841669 0.893998146 3.525359154 -0.048144456 0.996097505 0.073972352 0.331300676 -0.893829763 -0.076019414 0.441922635 5.056790829
0.418613076 -0.077519417 0.904850900 3.603744984 -0.046164878 0.993245840 0.106450416 0.336313844 -0.906994522 -0.086333670 0.412205428 5.080014229
0.415408194 -0.078641579 0.906229913 3.638643265 -0.039413013 0.993764043 0.104304872 0.339768916 -0.908784807 -0.079046220 0.409716636 5.092081070
0.380454957 -0.069816463 0.922160268 3.715502739 -0.041445803 0.994858265 0.092419855 0.346296132 -0.923872054 -0.073381335 0.375604838 5.115360260
0.364830017 -0.042748623 0.930092275 3.788863659 -0.045810413 0.996912420 0.063789308 0.350395501 -0.929948390 -0.065880314 0.361744761 5.132778168
0.352921218 -0.036178678 0.934953213 3.826517105 -0.047202572 0.997292221 0.056408759 0.350735784 -0.934463620 -0.064040139 0.350257576 5.140121460
0.320118040 -0.039050240 0.946572900 3.864046574 -0.039711695 0.997719049 0.054590542 0.351774126 -0.946546614 -0.055065442 0.317837119 5.142816067
0.268841505 -0.044996005 0.962133110 3.970785141 -0.031944718 0.997942269 0.055597015 0.341543406 -0.962656260 -0.045681838 0.266850561 5.169259071
0.237944514 -0.054892927 0.969726562 4.036362171 -0.026306350 0.997671366 0.062930003 0.344009817 -0.970924318 -0.040483803 0.235945985 5.159962654
0.207480118 -0.061655629 0.976293325 4.057772636 -0.026868979 0.997275829 0.068690866 0.336415887 -0.977871239 -0.040484294 0.205258176 5.175394535
0.191858873 -0.055795502 0.979834199 4.094299793 -0.018713016 0.997992873 0.060493559 0.333090156 -0.981245399 -0.029942069 0.190429568 5.183993816
0.159822956 -0.032350477 0.986614585 4.170033455 -0.004203198 0.999431312 0.033451460 0.336907357 -0.987138152 -0.009493627 0.159595937 5.189449787
0.105303667 -0.009180605 0.994396687 4.250356197 -0.024036650 0.999641240 0.011774410 0.342198193 -0.994150758 -0.025142141 0.105044857 5.184728146
0.082579777 0.022018939 0.996341348 4.313086510 -0.048049491 0.998681247 -0.018088309 0.341224015 -0.995426595 -0.046380036 0.083528861 5.171133041
0.059559032 0.022814974 0.997964263 4.353750706 -0.061097603 0.997947752 -0.019168276 0.341336697 -0.996354401 -0.059831709 0.060830697 5.166539192
0.031939480 0.010879409 0.999430776 4.440216064 -0.067973569 0.997649372 -0.008687963 0.338337779 -0.997177005 -0.067657597 0.032603841 5.157641888
0.010655361 -0.015849890 0.999817252 4.502917767 -0.056479916 0.998268664 0.016427163 0.335061908 -0.998348832 -0.056644645 0.009742006 5.119986534
-0.020040140 -0.031742178 0.999294817 4.585238457 -0.047117732 0.998415470 0.030769398 0.339621067 -0.998690307 -0.046467945 -0.021503810 5.094554901
-0.038233422 -0.027661223 0.998885453 4.625436306 -0.044505645 0.998672247 0.025951698 0.341951638 -0.998279214 -0.043463938 -0.039413575 5.078125000
-0.095617540 -0.030490812 0.994950831 4.644474983 -0.051051255 0.998365760 0.025689228 0.352162093 -0.994109929 -0.048337229 -0.097017214 5.004468918
-0.129780322 -0.021578491 0.991307914 4.721580505 -0.048802465 0.998690546 0.015349874 0.360013664 -0.990342915 -0.046386279 -0.130662888 4.965403080
-0.217227802 -0.019903600 0.975917518 4.787313461 -0.051134434 0.998651266 0.008985333 0.358935356 -0.974782407 -0.047951233 -0.217951760 4.870804310
-0.293330610 -0.023264611 0.955727458 4.864205837 -0.040610462 0.999104619 0.011856299 0.349753916 -0.955149889 -0.035334885 -0.294012219 4.823388577
-0.369178385 -0.031415470 0.928827167 4.907083511 -0.036904294 0.999135017 0.019125305 0.345504045 -0.928628743 -0.027217111 -0.370017707 4.751674652
-0.427292019 -0.024985615 0.903768063 4.976313114 -0.038111221 0.999226749 0.009606075 0.346746862 -0.903313279 -0.030339248 -0.427913189 4.705411911
-0.459258854 -0.022821978 0.888008952 5.012866974 -0.044411082 0.999008954 0.002706343 0.353353739 -0.887194872 -0.038194608 -0.459816873 4.680017471
-0.479471058 -0.017640391 0.877381086 5.070599079 -0.064398855 0.997810245 -0.015130938 0.350382000 -0.875192821 -0.063757114 -0.479555666 4.612385750
-0.513371110 -0.015801296 0.858021975 5.138663769 -0.063117772 0.997818470 -0.019388873 0.350051671 -0.855843723 -0.064109996 -0.513247013 4.552159786
-0.539516032 -0.027196094 0.841536701 5.204265118 -0.063057683 0.997976601 -0.008174917 0.340875000 -0.839612484 -0.057475802 -0.540138245 4.482774734
-0.556004286 -0.030472117 0.830621541 5.237413406 -0.054470502 0.998515606 0.000169849 0.338727444 -0.829394698 -0.045149848 -0.556837618 4.449701309
-0.582937658 -0.032761894 0.811857045 5.300470829 -0.038214907 0.999186754 0.012881965 0.335344791 -0.811619818 -0.023515556 -0.583714247 4.382990837
-0.599854171 -0.023963610 0.799751401 5.344272614 -0.044180159 0.999018252 -0.003202798 0.334373146 -0.798891068 -0.037254341 -0.600322485 4.303878784
-0.620984197 -0.031029262 0.783209741 5.370016098 -0.053491034 0.998564124 -0.002850199 0.334577620 -0.781998098 -0.043664619 -0.621750832 4.269816399
-0.629081607 -0.033182785 0.776631832 5.396783829 -0.059523515 0.998211265 -0.005564630 0.334121972 -0.775059521 -0.049728457 -0.629929900 4.235399246
-0.630480051 -0.020979203 0.775923014 5.422671795 -0.053851474 0.998408079 -0.016762564 0.333389759 -0.774337649 -0.052353032 -0.630604386 4.200011253
-0.671984136 -0.021608086 0.740251541 5.479801178 -0.055294104 0.998248279 -0.021055484 0.330717325 -0.738501728 -0.055080455 -0.672000408 4.116509438
-0.702589929 -0.012766873 0.711481869 5.527625084 -0.042898983 0.998780787 -0.024440464 0.320675552 -0.710304260 -0.047693416 -0.702279210 4.033376694
-0.729737163 -0.018035799 0.683491349 5.551051617 -0.041838367 0.998956740 -0.018308816 0.315243363 -0.682450354 -0.041956723 -0.729729056 3.989991426
-0.754243731 -0.023387959 0.656179786 5.576851368 -0.038862649 0.999203384 -0.009055953 0.310724169 -0.655449033 -0.032331198 -0.754550278 3.944829941
-0.772570014 -0.021472666 0.634568453 5.599176884 -0.030393761 0.999532700 -0.003180827 0.307396114 -0.634207189 -0.021744229 -0.772860110 3.901163101
-0.793656349 -0.011616150 0.608257651 5.643300056 -0.019904869 0.999777913 -0.006878415 0.306176007 -0.608046532 -0.017566202 -0.793709993 3.815175533
-0.814211369 -0.017705498 0.580300629 5.681843281 -0.032876339 0.999336898 -0.015637463 0.309029430 -0.579640269 -0.031810433 -0.814251721 3.726943016
-0.812541604 -0.009275890 0.582831681 5.700630665 -0.031041784 0.999143064 -0.027374521 0.309119225 -0.582079232 -0.040335145 -0.812131405 3.684980392
-0.836717665 -0.004755517 0.547615886 5.732727528 -0.026532941 0.999139905 -0.031863786 0.306839913 -0.546994627 -0.041190945 -0.836122513 3.602296352
-0.853043675 -0.006507529 0.521802068 5.771142960 -0.025982130 0.999211669 -0.030014237 0.293658167 -0.521195233 -0.039161105 -0.852538288 3.508381605
-0.861795723 -0.003696830 0.507245362 5.799469948 -0.018257519 0.999551535 -0.023734290 0.284555078 -0.506930053 -0.029715339 -0.861474812 3.422880411
-0.872266352 0.005784339 0.488999903 5.813459873 -0.006158834 0.999720812 -0.022811677 0.279461712 -0.488995492 -0.022909757 -0.871985257 3.380531311
-0.872792423 0.000824989 0.488094121 5.833740234 -0.016072679 0.999407411 -0.030429728 0.274764955 -0.487831146 -0.034403939 -0.872259200 3.333577394
-0.872212529 0.007015721 0.489079833 5.846285820 -0.014170857 0.999114573 -0.039604004 0.273116201 -0.488925755 -0.041473955 -0.871338427 3.290889978
-0.883246124 -0.006572613 0.468867362 5.871795177 -0.025288217 0.999114156 -0.033632059 0.273785770 -0.468232006 -0.041562483 -0.882626891 3.205569029
-0.893835485 0.007052329 0.448345333 5.908642292 -0.015643435 0.998776793 -0.046897680 0.268208236 -0.448128402 -0.048932541 -0.892629683 3.068243027
-0.906077862 0.018264554 0.422722518 5.932379246 -0.000666873 0.999004602 -0.044593371 0.255666465 -0.423116982 -0.040687151 -0.905161560 2.976968288
-0.927371502 0.029112985 0.373014003 5.953661442 0.019544384 0.999376118 -0.029408844 0.243395478 -0.373638362 -0.019982707 -0.927359700 2.883264065
-0.931966543 0.037225626 0.360633820 5.974518776 0.029611740 0.999207795 -0.026617443 0.232056513 -0.361338973 -0.014128220 -0.932326615 2.833894014
-0.943748474 0.055818424 0.325924814 5.995683670 0.043858998 0.998071969 -0.043933928 0.229122117 -0.327748954 -0.027168207 -0.944373369 2.740542650
-0.953117371 0.054569427 0.297649294 6.012982368 0.041892018 0.997930288 -0.048811708 0.225353539 -0.299696833 -0.034055155 -0.953425467 2.693521261
-0.957219601 0.041340932 0.286403745 6.024171829 0.026594009 0.998122633 -0.055192463 0.226453021 -0.288147956 -0.045215424 -0.956517100 2.648491144
-0.955138087 0.050004214 0.291917980 6.043344498 0.030442441 0.997000098 -0.071176797 0.229659259 -0.294601530 -0.059097748 -0.953790128 2.559185743
-0.958853424 0.049904153 0.279491365 6.052311420 0.032698747 0.997291982 -0.065891460 0.229137391 -0.282022953 -0.054041889 -0.957883596 2.514239073
-0.958311915 0.043123793 0.282459140 6.075809956 0.026693571 0.997734904 -0.061763342 0.212155089 -0.284481853 -0.051649354 -0.957288861 2.430031300
-0.958532155 0.044662662 0.281470776 6.089046001 0.032643188 0.998350561 -0.047250956 0.200997278 -0.283115923 -0.036103867 -0.958405674 2.332274675
-0.955168247 0.044719122 0.292674631 6.104600906 0.031035746 0.998205543 -0.051233720 0.192839146 -0.294440299 -0.039854195 -0.954838157 2.238286257
-0.954001784 0.035397302 0.297711194 6.108874798 0.020775564 0.998425066 -0.052137189 0.194750518 -0.299087524 -0.043554515 -0.953230798 2.189316750
-0.955476761 0.030615151 0.293481976 6.119004250 0.017346218 0.998711824 -0.047709994 0.202032134 -0.294564128 -0.040495608 -0.954773009 2.093473196
-0.951187253 0.019580361 0.308003247 6.138711452 0.001875365 0.998335004 -0.057676110 0.199714333 -0.308619261 -0.054284438 -0.949634790 2.008701086
-0.953235745 0.025851579 0.301130623 6.158675671 0.009076207 0.998335660 -0.056976195 0.178882167 -0.302102119 -0.051579632 -0.951878548 1.862448812
-0.970378578 0.014683149 0.241152272 6.169559956 0.005069232 0.999169290 -0.040440150 0.158394441 -0.241545409 -0.038020067 -0.969643891 1.771856546
