%YAML:1.0

#--------------------------------------------------------------------------------------------
# Camera Parameters. Adjust them!
#--------------------------------------------------------------------------------------------
Camera.type: "PinHole"

# Camera calibration and distortion parameters (OpenCV) 
Camera.fx: 374.70470249649128
Camera.fy: 374.70470249649128
Camera.cx: 391.13074874877930
Camera.cy: 248.65975952148438

Camera.k1: 0.0
Camera.k2: 0.0
Camera.p1: 0.0
Camera.p2: 0.0

Camera.bFishEye: 0

Camera.width: 752
Camera.height: 480

# Camera frames per second 
Camera.fps: 20.0

# stereo baseline times fx
Camera.bf: 45.025185782872732

# Color order of the images (0: BGR, 1: RGB. It is ignored if images are grayscale)
Camera.RGB: 1

# Close/Far threshold. Baseline times.
ThDepth: 35.0

#--------------------------------------------------------------------------------------------
# Stereo Rectification. Only if you need to pre-rectify the images.
# Camera.fx, .fy, etc must be the same as in LEFT.P
#--------------------------------------------------------------------------------------------
LEFT.height: 480
LEFT.width: 752
LEFT.D: !!opencv-matrix
   rows: 1
   cols: 5
   dt: d
   data: [ -0.33162429631858631, 0.13608740110144263, 0., 0.,
           -2.9216520733743569e-02 ]
LEFT.K: !!opencv-matrix
   rows: 3
   cols: 3
   dt: d
   data: [ 3.6542810052158416e+02, 0., 3.8351958640657926e+02, 0.,
           3.6549979630125949e+02, 2.4581363937469638e+02, 0., 0., 1. ]
LEFT.R: !!opencv-matrix
   rows: 3
   cols: 3
   dt: d
   data: [ 9.9999988926220829e-01, -4.7041041146008626e-04,
           1.3770098014431754e-05, 4.7042616000978236e-04,
           9.9999920848195090e-01, -1.1669338883714870e-03,
           -1.3221149264575141e-05, 1.1669402369621370e-03,
           9.9999931903761030e-01 ]
LEFT.P: !!opencv-matrix
   rows: 3
   cols: 4
   dt: d
   data: [ 3.7470470249649128e+02, 0., 3.9113074874877930e+02, 0., 0.,
           3.7470470249649128e+02, 2.4865975952148438e+02, 0., 0., 0., 1.,
           0. ]
RIGHT.height: 480
RIGHT.width: 752
RIGHT.D: !!opencv-matrix
   rows: 1
   cols: 5
   dt: d
   data: [ -3.3559978558931330e-01, 1.4413927852248007e-01, 0., 0.,
           -3.3280209030165479e-02 ]
RIGHT.K: !!opencv-matrix
   rows: 3
   cols: 3
   dt: d
   data: [ 3.6669446184090839e+02, 0., 3.9708160009235422e+02, 0.,
           3.6673607092671290e+02, 2.5149821196882539e+02, 0., 0., 1. ]
RIGHT.R: !!opencv-matrix
   rows: 3
   cols: 3
   dt: d
   data: [ 9.9999732998064450e-01, -4.7892149112772924e-04,
           -2.2606781697657643e-03, 4.8155923602045844e-04,
           9.9999920381307983e-01, 1.1663935479566639e-03,
           2.2601177589061452e-03, -1.1674790841156356e-03,
           9.9999676442491747e-01 ]
RIGHT.P: !!opencv-matrix
   rows: 3
   cols: 4
   dt: d
   data: [ 3.7470470249649128e+02, 0., 3.9113074874877930e+02,
           -4.5025185782872730e+04, 0., 3.7470470249649128e+02,
           2.4865975952148438e+02, 0., 0., 0., 1., 0. ]

#--------------------------------------------------------------------------------------------
# ORB Parameters
#--------------------------------------------------------------------------------------------

# ORB Extractor: Number of features per image
ORBextractor.nFeatures: 1200

# ORB Extractor: Scale factor between levels in the scale pyramid 	
ORBextractor.scaleFactor: 1.2

# ORB Extractor: Number of levels in the scale pyramid	
ORBextractor.nLevels: 8

# ORB Extractor: Fast threshold
# Image is divided in a grid. At each cell FAST are extracted imposing a minimum response.
# Firstly we impose iniThFAST. If no corners are detected we impose a lower value minThFAST
# You can lower these values if your images have low contrast			
ORBextractor.iniThFAST: 20
ORBextractor.minThFAST: 7

#--------------------------------------------------------------------------------------------
# Viewer Parameters
#--------------------------------------------------------------------------------------------
Viewer.KeyFrameSize: 0.05
Viewer.KeyFrameLineWidth: 1
Viewer.GraphLineWidth: 0.9
Viewer.PointSize: 2
Viewer.CameraSize: 0.08
Viewer.CameraLineWidth: 3
Viewer.ViewpointX: 0
Viewer.ViewpointY: -0.7
Viewer.ViewpointZ: -1.8
Viewer.ViewpointF: 500

