1.000000119 0.000000018 0.000000016 0.000000015 0.000000018 1.000000000 -0.000000033 0.000000015 0.000000016 -0.000000033 0.999999762 -0.000000030
0.999812484 0.002781308 0.019170813 0.002829887 -0.002419843 0.999819398 -0.018850736 0.006977519 -0.019219734 0.018800735 0.999638259 0.020827511
0.999584854 0.010153715 0.026968243 0.007942739 -0.009427129 0.999592781 -0.026932931 0.012788443 -0.027230680 0.026667437 0.999273181 0.033254117
0.998552263 0.043205142 0.032045260 0.017471349 -0.041790713 0.998176098 -0.043566622 0.026374672 -0.033869058 0.042164270 0.998536229 0.057945143
0.997899115 0.062654294 0.016498312 0.025024148 -0.062209401 0.997718453 -0.026222991 0.039840180 -0.018103652 0.025141487 0.999519885 0.083015949
0.998001516 0.058898240 0.022896729 0.025329866 -0.058240809 0.997898638 -0.028390490 0.059982922 -0.024520762 0.027000170 0.999334633 0.122069061
0.999319613 0.031176450 0.019718407 0.035239868 -0.030693073 0.999231875 -0.024358243 0.082869999 -0.020462668 0.023736389 0.999508739 0.144117519
0.999208391 0.016950075 0.036013767 0.036497366 -0.015992021 0.999515176 -0.026724041 0.101709358 -0.036449000 0.026126921 0.998993397 0.168934077
0.997473180 0.007279684 0.070682764 0.035921823 -0.004014818 0.998923421 -0.046222247 0.120894864 -0.070942797 0.045821607 0.996426821 0.197132260
0.997026145 -0.008147396 0.076643683 0.033980299 0.011916502 0.998735428 -0.048848346 0.131208271 -0.076148413 0.049616326 0.995860815 0.210752353
0.997289300 -0.023561873 0.069717899 0.034368783 0.025168629 0.999435663 -0.022257786 0.143370286 -0.069153763 0.023952123 0.997317910 0.226478890
0.997389972 -0.036231324 0.062469043 0.036509182 0.036509186 0.999328196 -0.003311241 0.154693782 -0.062306769 0.005583283 0.998040915 0.240738168
0.996555805 -0.063219935 0.053680453 0.039609771 0.062897950 0.997990072 0.007670019 0.174553826 -0.054057006 -0.004267226 0.998527706 0.273580194
0.996672451 -0.067908593 0.045103058 0.040095873 0.067192420 0.997591197 0.017213183 0.185473263 -0.046162907 -0.014125323 0.998833001 0.291095734
0.996612608 -0.071179904 0.041213240 0.040369406 0.070252128 0.997251093 0.023542484 0.190993533 -0.042775273 -0.020567413 0.998872042 0.307305068
0.996677577 -0.066089675 0.047621850 0.042022604 0.065060496 0.997619331 0.022850508 0.201199800 -0.049018227 -0.019676281 0.998602986 0.322156101
0.995825648 -0.030982696 0.085868016 0.037732691 0.029401639 0.999374628 0.019618779 0.203187808 -0.086421683 -0.017012205 0.996112347 0.358843625
0.993887365 0.013355979 0.109597400 0.043493260 -0.013833253 0.999897540 0.003596164 0.207557574 -0.109538108 -0.005090229 0.993969262 0.394333422
0.994344532 0.023444019 0.103592522 0.044979021 -0.024006249 0.999702692 0.004184440 0.208977208 -0.103463620 -0.006647601 0.994610727 0.411108673
0.997867227 0.008825200 0.064693779 0.052718788 -0.010170741 0.999737859 0.020499768 0.207990348 -0.064495921 -0.021113971 0.997694254 0.450082242
0.998779714 -0.007167178 0.048887070 0.059150081 0.005938481 0.999663711 0.025233252 0.208508998 -0.049051519 -0.024912078 0.998485208 0.473522961
0.999204576 -0.024542486 0.031463608 0.066974729 0.023504756 0.999180615 0.032938339 0.209000602 -0.032246284 -0.032172520 0.998961687 0.496168792
0.997938633 -0.051111028 0.038837653 0.074598446 0.049592007 0.998003185 0.039119475 0.212455124 -0.040759213 -0.037112769 0.998479068 0.549713910
0.997065067 -0.047377460 0.060157470 0.080574155 0.045585841 0.998485088 0.030815128 0.216551512 -0.061525919 -0.027982341 0.997712731 0.575391054
0.996121407 -0.016060714 0.086525515 0.092562348 0.014527975 0.999726772 0.018316235 0.228321984 -0.086795650 -0.016988147 0.996080816 0.625216544
0.999083519 -0.009673358 0.041724224 0.108929500 0.008307800 0.999428153 0.032780658 0.241227314 -0.042017136 -0.032403946 0.998590827 0.672825992
0.999331355 -0.036373906 -0.004007754 0.111808397 0.036503505 0.998561382 0.039268889 0.251909226 0.002574077 -0.039388858 0.999220014 0.724356949
0.998164892 -0.049037457 -0.035557222 0.117003225 0.050575912 0.997761607 0.043739922 0.251210093 0.033333156 -0.045457918 0.998409450 0.748725951
0.997069418 -0.044775780 -0.062048022 0.114306204 0.046786889 0.998412609 0.031345680 0.257011563 0.060546368 -0.034156792 0.997580171 0.806424916
0.997957170 -0.038678732 -0.050870296 0.109963283 0.039618418 0.999059677 0.017593531 0.251875252 0.050142355 -0.019572951 0.998549700 0.870533645
0.999072969 -0.027586492 -0.033078998 0.106937878 0.028226793 0.999419451 0.019046092 0.249439687 0.032534488 -0.019962024 0.999271572 0.940712631
0.999690175 -0.018304273 -0.016925424 0.103316575 0.018685170 0.999568880 0.022621091 0.251659095 0.016504176 -0.022930210 0.999601126 0.978244603
0.999171317 0.010371052 0.039386198 0.090371028 -0.011444406 0.999565899 0.027128655 0.264687926 -0.039087620 -0.027556796 0.998855948 1.053781986
0.997730672 0.025783937 0.062214345 0.079144418 -0.027193969 0.999389112 0.021927424 0.280697554 -0.061610840 -0.023569385 0.997822165 1.126521945
0.997854412 0.028416157 0.059003882 0.082949281 -0.029453708 0.999424815 0.016790437 0.288833380 -0.058492281 -0.018492259 0.998115480 1.164125204
0.999144852 0.026747553 0.031565126 0.081603065 -0.026980573 0.999611378 0.006980728 0.299564600 -0.031365648 -0.007826390 0.999476194 1.233651757
0.999746323 0.016972359 0.014888164 0.082752421 -0.016834835 0.999814689 -0.009312849 0.298341006 -0.015043005 0.009059824 0.999844790 1.308528304
0.999730051 0.013572423 0.018964449 0.083634332 -0.013254968 0.999772131 -0.016762542 0.290205449 -0.019187041 0.016506635 0.999679387 1.389570236
0.999767482 0.016344476 0.014206531 0.086657643 -0.016228300 0.999834716 -0.008249948 0.284941494 -0.014338441 0.008017495 0.999864876 1.431852818
0.999866962 0.013209531 0.009811413 0.087797977 -0.013215975 0.999912858 0.000600101 0.281729400 -0.009802104 -0.000729712 0.999951422 1.473912239
0.999740899 0.020485194 0.010120920 0.094932884 -0.020427277 0.999774098 -0.005780330 0.287699282 -0.010236504 0.005571943 0.999931157 1.600438595
0.999931395 0.009841078 0.006650026 0.102386370 -0.009800895 0.999933064 -0.006024407 0.306123465 -0.006708510 0.005958818 0.999958873 1.678554535
0.999756336 0.012669670 0.018191908 0.104490787 -0.012498223 0.999875963 -0.009501473 0.316495985 -0.018309517 0.009271662 0.999788463 1.714669824
0.999734461 0.003512320 0.022842612 0.111914143 -0.003313827 0.999956131 -0.008706777 0.325523108 -0.022871420 0.008628230 0.999699533 1.792086720
0.999630094 0.005115865 0.026773961 0.118562371 -0.005120996 0.999986410 0.000136293 0.323953450 -0.026772158 -0.000273854 0.999639869 1.870000243
0.998585761 0.008124474 0.052571088 0.125582621 -0.008311878 0.999959350 0.003353573 0.320331901 -0.052540861 -0.003786211 0.998609900 1.955405712
0.997326910 0.012480421 0.072016157 0.129366234 -0.012874669 0.999903917 0.005018269 0.318847030 -0.071945719 -0.005932423 0.997389257 2.000051975
0.993645549 0.005122523 0.112449810 0.134408161 -0.006680646 0.999886692 0.013486581 0.321711868 -0.112368442 -0.014152424 0.993565202 2.089974403
0.991941035 0.010477517 0.126275659 0.135560840 -0.013051776 0.999723077 0.019578259 0.336201042 -0.126035780 -0.021068821 0.991801202 2.175709486
0.992336988 0.005704475 0.123439185 0.141277790 -0.008580351 0.999703586 0.022781612 0.346061349 -0.123273104 -0.023666458 0.992090046 2.217579842
0.990472436 0.010372570 0.137329876 0.152246654 -0.012313195 0.999835789 0.013290783 0.354096830 -0.137169659 -0.014855349 0.990435600 2.293473005
0.993225455 0.013893982 0.115380481 0.140376732 -0.015109814 0.999838948 0.009670677 0.358215451 -0.115228049 -0.011348628 0.993273735 2.382927418
0.997142851 0.001983998 0.075529203 0.158327311 -0.003255378 0.999854922 0.016716493 0.343510091 -0.075484879 -0.016915100 0.997003257 2.462773800
0.997851372 0.011830412 0.064460151 0.161573306 -0.012697279 0.999833882 0.013060495 0.334314793 -0.064294688 -0.013851197 0.997834623 2.505079031
0.999489903 0.025221040 0.019647237 0.168811500 -0.025173943 0.999679565 -0.002627810 0.327444911 -0.019707151 0.002131360 0.999803126 2.587893486
0.998306394 0.010035765 -0.057324551 0.172930628 -0.010725042 0.999873579 -0.011733944 0.333733976 0.057199448 0.012328640 0.998286128 2.660874844
0.988562167 -0.008848115 -0.150569081 0.172005326 0.005270023 0.999695301 -0.024148647 0.345875800 0.150737315 0.023079099 0.988304079 2.733074665
0.981181562 -0.019968143 -0.192064285 0.167604625 0.015715018 0.999597609 -0.023643529 0.351857364 0.192459613 0.020180510 0.981097162 2.762920141
0.973289311 -0.025886046 -0.228127763 0.161555827 0.022589050 0.999600232 -0.017053889 0.355294764 0.228478372 0.011445464 0.973481357 2.792328835
0.967254400 -0.026361704 -0.252445519 0.151219130 0.023090733 0.999607444 -0.015912849 0.357907891 0.252766252 0.009562837 0.967479706 2.820104837
0.955079138 -0.037893813 -0.293923706 0.133269191 0.028276559 0.998918295 -0.036902789 0.353198797 0.295005023 0.026934691 0.955115736 2.888908863
0.939835370 -0.060871508 -0.336165845 0.104381263 0.047870278 0.997754335 -0.046835661 0.345287383 0.338262886 0.027925964 0.940637231 2.953226328
0.936281204 -0.061772775 -0.345781505 0.085034847 0.046481080 0.997546077 -0.052350879 0.345718682 0.348167688 0.032943562 0.936852932 2.985116482
0.935089409 -0.042798620 -0.351823032 0.044453979 0.022657216 0.997869790 -0.061170027 0.352605402 0.353692234 0.049228575 0.934065104 3.050882339
0.913829923 -0.035174642 -0.404574931 -0.000707388 0.022956144 0.999122798 -0.035014015 0.364266187 0.405452311 0.022709904 0.913833976 3.106509209
0.897198081 -0.044874415 -0.439345330 -0.022199035 0.038957447 0.998987854 -0.022479435 0.370739967 0.439910680 0.003052762 0.898035765 3.141767025
0.856616795 -0.054533679 -0.513065457 -0.068376780 0.056995384 0.998314381 -0.010950930 0.374249071 0.512799025 -0.019861538 0.858278692 3.188117981
0.809242964 -0.067911103 -0.583537996 -0.114200473 0.067601100 0.997462332 -0.022334158 0.380034357 0.583575130 -0.021374023 0.811777472 3.234295845
0.747685969 -0.075034618 -0.659799576 -0.179836392 0.055193860 0.997180343 -0.050857287 0.374721080 0.661756873 0.001608381 0.749717951 3.317694902
0.699866235 -0.067108892 -0.711114407 -0.225708961 0.056827795 0.997652709 -0.038221318 0.366082996 0.712011874 -0.013661115 0.702035964 3.373594522
0.684959948 -0.064519346 -0.725718558 -0.248995066 0.055713214 0.997793794 -0.036124095 0.365349650 0.726449907 -0.015688501 0.687041938 3.400896072
0.673649371 -0.061079491 -0.736522734 -0.273560405 0.046484388 0.998108149 -0.040256698 0.366085082 0.737589896 -0.007117714 0.675213099 3.429999590
0.644740820 -0.056456674 -0.762314379 -0.322464108 0.033350930 0.998395741 -0.045734514 0.375016034 0.763675869 0.004063318 0.645588338 3.488437176
0.627994895 -0.052266382 -0.776460767 -0.345241070 0.025705645 0.998589814 -0.046428952 0.379834861 0.777795076 0.009197924 0.628451943 3.513597250
0.596013069 -0.056028027 -0.801018298 -0.389055252 0.018231489 0.998248816 -0.056258850 0.390179276 0.802770197 0.018927583 0.595989525 3.552984238
0.563361228 -0.056717761 -0.824262142 -0.431813598 0.022412721 0.998321772 -0.053377047 0.396677345 0.825908840 0.011596827 0.563685894 3.588229179
0.547925115 -0.060867872 -0.834309518 -0.480794787 0.018260406 0.997982621 -0.060816851 0.392119557 0.836328864 0.018087862 0.547930837 3.627696514
0.542485774 -0.064560011 -0.837580323 -0.507583857 0.023439512 0.997818470 -0.061729774 0.390276313 0.839738905 0.013854853 0.542814732 3.645742416
0.536553800 -0.066394374 -0.841249883 -0.564768672 0.040603533 0.997777224 -0.052851297 0.385798573 0.842889726 -0.005800539 0.538056374 3.682090759
0.533228457 -0.063516617 -0.843583226 -0.628817439 0.030070394 0.997971177 -0.056133825 0.387546033 0.845437467 0.004565090 0.534055948 3.721564293
0.525163591 -0.061927103 -0.848744452 -0.664067388 0.028112138 0.998067260 -0.055427544 0.394184142 0.850539088 0.005248467 0.525889635 3.741723299
0.484612018 -0.053900465 -0.873066366 -0.731261015 0.031037886 0.998531222 -0.044417970 0.407172740 0.874180317 -0.005572824 0.485573113 3.769153118
0.473495662 -0.053034052 -0.879197538 -0.799117923 0.039222773 0.998465598 -0.039104663 0.418535054 0.879924536 -0.015968747 0.474849045 3.795163631
0.423597842 -0.062507942 -0.903690457 -0.861968875 0.031968169 0.998026788 -0.054048024 0.424626589 0.905292392 -0.005994824 0.424759597 3.819539547
0.381396770 -0.066212445 -0.922036290 -0.894140363 0.044109073 0.997599125 -0.053392783 0.424737394 0.923364878 -0.020306421 0.383400679 3.828981876
0.339260042 -0.070831984 -0.938021362 -0.927224517 0.057058435 0.996874571 -0.054639250 0.422641426 0.938966870 -0.034985330 0.342240006 3.839169741
0.300759763 -0.074439801 -0.950789511 -0.959140122 0.064109340 0.996272445 -0.057720982 0.421371818 0.951548994 -0.043594722 0.304409266 3.847043514
0.228743345 -0.060507666 -0.971603692 -1.028122425 0.065479606 0.996762633 -0.046659190 0.414778799 0.971283197 -0.052947305 0.231964216 3.869259596
0.172412232 -0.055930734 -0.983435035 -1.096247435 0.049179446 0.997630417 -0.048116501 0.412382752 0.983797371 -0.040068794 0.174753696 3.889825821
0.147500858 -0.058117554 -0.987352252 -1.129303575 0.045706615 0.997606337 -0.051893342 0.412575901 0.988005936 -0.037473980 0.149803445 3.898121357
0.085998304 -0.072601266 -0.993646264 -1.192796826 0.032774564 0.997008443 -0.070010871 0.418408424 0.995757580 -0.026545528 0.088120639 3.912396908
-0.004916258 -0.076208584 -0.997079670 -1.246622205 0.053470161 0.995646060 -0.076362893 0.424013406 0.998558998 -0.053689554 -0.000819944 3.917920351
-0.047177032 -0.074032865 -0.996139109 -1.269691467 0.059568424 0.995266795 -0.076789677 0.428988457 0.997110367 -0.062961191 -0.042543769 3.914594889
-0.110634223 -0.079490036 -0.990677059 -1.321600676 0.062211826 0.994288564 -0.086727656 0.429811388 0.991913795 -0.071226835 -0.105057165 3.906988621
-0.168788418 -0.090991676 -0.981442869 -1.381028652 0.057159275 0.993150532 -0.101907045 0.427400351 0.983995318 -0.073299527 -0.162430480 3.900322199
-0.231189892 -0.081541717 -0.969485164 -1.439662218 0.055079643 0.993786573 -0.096719965 0.425329596 0.971350193 -0.075759724 -0.225261599 3.873884678
-0.288120031 -0.080737650 -0.954184175 -1.492419362 0.049869213 0.993822217 -0.099149503 0.428106040 0.956296682 -0.076151602 -0.282313168 3.840180874
-0.340081155 -0.073898271 -0.937487483 -1.518271208 0.047182929 0.994311094 -0.095492996 0.432548523 0.939213574 -0.076708943 -0.334659517 3.823462963
-0.449697882 -0.043638896 -0.892113805 -1.564331770 0.074356243 0.993509412 -0.086079620 0.430761099 0.890081882 -0.105043925 -0.443533152 3.788359165
-0.552336216 -0.042671874 -0.832528412 -1.597741723 0.066680714 0.993227243 -0.095146492 0.433010012 0.830952108 -0.108066268 -0.545749187 3.750911236
-0.635298014 -0.035872627 -0.771433234 -1.622046947 0.073727094 0.991540432 -0.106823385 0.432014167 0.768741727 -0.124740109 -0.627278447 3.716510296
-0.676570714 -0.038065560 -0.735393047 -1.634862185 0.068462446 0.991085768 -0.114286385 0.430331588 0.733190179 -0.127669677 -0.667932928 3.700040340
-0.715694427 -0.041882258 -0.697157562 -1.650564194 0.057399858 0.991296589 -0.118477806 0.426824182 0.696053743 -0.124810830 -0.707058907 3.681961060
-0.749251187 -0.046083473 -0.660681784 -1.662588596 0.047301732 0.991305530 -0.122786798 0.424474746 0.660597742 -0.123249598 -0.740554631 3.667111397
-0.809866548 -0.047330018 -0.584702909 -1.686883450 0.029079702 0.992275596 -0.120598711 0.422576427 0.585896432 -0.114671893 -0.802232206 3.639357090
-0.881122768 -0.047183726 -0.470529824 -1.716262579 0.013780662 0.992025673 -0.125282735 0.416535854 0.472689629 -0.116874024 -0.873444557 3.595785856
-0.920024157 -0.056719352 -0.387737393 -1.725835562 -0.006191969 0.991450608 -0.130338445 0.414774776 0.391816109 -0.117513865 -0.912508070 3.569839001
-0.947238684 -0.053413484 -0.316050738 -1.726209164 -0.008831616 0.989993453 -0.140840188 0.416317403 0.320411891 -0.130618334 -0.938229978 3.545287132
-0.959109664 -0.047509920 -0.279022038 -1.726726770 -0.006570701 0.989283800 -0.145860344 0.414660513 0.282962918 -0.138062805 -0.949142396 3.532124043
-0.978024065 -0.045380514 -0.203502044 -1.727072954 -0.013622125 0.987848401 -0.154820278 0.412495673 0.208055645 -0.148646191 -0.966755092 3.502635479
-0.989542723 -0.033728849 -0.140252203 -1.717276454 -0.011163130 0.987269402 -0.158663496 0.412893474 0.143818825 -0.155438930 -0.977319539 3.473193407
-0.997658730 -0.009417105 -0.067760423 -1.695525765 0.001197120 0.987925649 -0.154922888 0.416221917 0.068402112 -0.154641762 -0.985599101 3.443068981
-0.999345422 -0.005774052 -0.035757124 -1.683897853 -0.000119627 0.987733185 -0.156149194 0.415882081 0.036220953 -0.156042963 -0.987085044 3.426692486
-0.999238312 0.014429254 0.036320087 -1.659455061 0.008714125 0.988207579 -0.152870670 0.414868981 -0.038098000 -0.152437627 -0.987577617 3.393782139
-0.989608109 0.041793797 0.137599617 -1.627119064 0.023351416 0.990838766 -0.133013457 0.413902044 -0.141898289 -0.128418028 -0.981515050 3.368183136
-0.972378552 0.055362970 0.226757511 -1.594702721 0.029588822 0.992863536 -0.115528718 0.412023813 -0.231535256 -0.105628133 -0.967074871 3.344435692
-0.961502671 0.059260178 0.268337131 -1.580589056 0.031751424 0.993888676 -0.105722673 0.410663545 -0.272962332 -0.093132772 -0.957505703 3.331753254
-0.933400512 0.061088949 0.353604227 -1.554455280 0.026528519 0.994453609 -0.101776764 0.410370648 -0.357860386 -0.085617967 -0.929841220 3.309872389
-0.901139379 0.055098608 0.430017024 -1.531597614 0.011543079 0.994588733 -0.103249364 0.410518646 -0.433380067 -0.088078536 -0.896896958 3.287857294
-0.840905666 0.044561338 0.539346457 -1.497282624 -0.006532931 0.995695949 -0.092451833 0.408093005 -0.541145682 -0.081267036 -0.836992860 3.258919954
-0.804670751 0.027919939 0.593066692 -1.474322557 -0.033944979 0.995096564 -0.092903495 0.407254517 -0.592753291 -0.094888411 -0.799774885 3.240918159
-0.745802879 0.029319303 0.665521026 -1.455183744 -0.030841710 0.996439397 -0.078459710 0.402609974 -0.665454209 -0.079041325 -0.742242515 3.227456570
-0.702468991 0.024008825 0.711309195 -1.432682991 -0.054096211 0.994737864 -0.086999133 0.404308528 -0.709657252 -0.099593364 -0.697472930 3.220153809
-0.689399481 0.020273900 0.724097311 -1.417737246 -0.064592011 0.993905425 -0.089324847 0.408245862 -0.721497476 -0.108351529 -0.683887720 3.221184492
-0.644127905 0.022785772 0.764577925 -1.388878465 -0.070003472 0.993604839 -0.088586301 0.412333518 -0.761709392 -0.110584125 -0.638412833 3.224976778
-0.590916395 0.029332561 0.806199074 -1.360417128 -0.053293157 0.995735824 -0.075290598 0.416292518 -0.804971993 -0.087455377 -0.586832523 3.233753681
-0.569011509 0.033795252 0.821634710 -1.345644712 -0.025968952 0.997917712 -0.059030421 0.418081820 -0.821920931 -0.054925922 -0.566947818 3.238559723
-0.527227461 0.049928535 0.848256230 -1.315154433 0.063102528 0.997815609 -0.019510852 0.415455759 -0.847379565 0.043240901 -0.529225171 3.251367092
-0.502344728 0.058693953 0.862673163 -1.285101414 0.084351547 0.996260524 -0.018664060 0.415969759 -0.860545099 0.063392252 -0.505415738 3.267233610
-0.485475332 0.054700945 0.872537792 -1.231939793 0.075848557 0.996912122 -0.020296594 0.423254132 -0.870955646 0.056327693 -0.488123655 3.303127050
-0.483394176 0.043771379 0.874307990 -1.187764525 0.068112209 0.997601390 -0.012285890 0.429874390 -0.872750878 0.053612247 -0.485214561 3.329372883
-0.486927211 0.042284451 0.872419178 -1.143277049 0.064664036 0.997831166 -0.012271508 0.438481003 -0.871046901 0.050439086 -0.488603711 3.355756760
-0.491688669 0.044112466 0.869653523 -1.097125769 0.082233116 0.996604562 -0.004058784 0.443999410 -0.866880715 0.069518894 -0.493645042 3.388148785
-0.496120989 0.047770616 0.866938889 -1.073838115 0.080249585 0.996733665 -0.008998472 0.445561081 -0.864538193 0.065107159 -0.498332500 3.404832840
-0.496357173 0.063047737 0.865826547 -1.029605269 0.070657030 0.996983707 -0.032092154 0.448468357 -0.865239561 0.045247920 -0.499313176 3.438476562
-0.484894067 0.086510956 0.870284259 -0.983329535 0.082942121 0.995158911 -0.052711483 0.449330866 -0.870632291 0.046624005 -0.489720494 3.463743210
-0.434234619 0.088862784 0.896405935 -0.947403193 0.112425521 0.992687941 -0.043947045 0.454861343 -0.893758893 0.081695624 -0.441048861 3.474504948
-0.419610828 0.082285807 0.903966665 -0.926723242 0.118723832 0.992302656 -0.035216823 0.456487238 -0.899908602 0.092544995 -0.426149249 3.476428032
-0.410064399 0.090491824 0.907556117 -0.881257176 0.113105059 0.992430091 -0.047850206 0.456696749 -0.905018330 0.083027527 -0.417194217 3.479984522
-0.386836797 0.083594061 0.918351352 -0.833401680 0.101626970 0.993681133 -0.047643237 0.455203950 -0.916533411 0.074899144 -0.392886519 3.488275528
-0.361015618 0.032756552 0.931984067 -0.755923986 0.131299064 0.991213381 0.016021784 0.445079803 -0.923272431 0.128152594 -0.362143248 3.494031429
-0.367425919 -0.008236788 0.930016100 -0.703868032 0.120608695 0.991095126 0.056426633 0.438914776 -0.922201514 0.132900491 -0.363159537 3.487292528
-0.415486544 0.014581203 0.909482121 -0.651842594 0.078620002 0.996704698 0.019937024 0.441080153 -0.906197548 0.079786979 -0.415262640 3.481379032
-0.453015953 0.019171104 0.891295850 -0.632389784 0.066047758 0.997742474 0.012109190 0.441575080 -0.889054835 0.064353742 -0.453258693 3.472808123
-0.532729506 0.043139778 0.845185041 -0.604903221 0.087362602 0.996167123 0.004219302 0.438654512 -0.841766953 0.076085314 -0.534455538 3.452340126
-0.612276912 0.054164585 0.788785458 -0.598381639 0.081780508 0.996637583 -0.004957199 0.445290238 -0.786405087 0.061472073 -0.614647269 3.428959846
-0.676457584 0.088358559 0.731162548 -0.584296942 0.124397434 0.992220819 -0.004816724 0.439322799 -0.725901842 0.087696813 -0.682185590 3.410967112
-0.709278464 0.117471814 0.695072412 -0.585959315 0.159912661 0.987124443 -0.003649966 0.440460473 -0.686553359 0.108562343 -0.718929946 3.403903484
-0.786066175 0.166740716 0.595229685 -0.592950821 0.204808563 0.978794932 -0.003716596 0.447230220 -0.583229303 0.118987024 -0.803546786 3.390994310
-0.818991601 0.181989118 0.544183016 -0.594013214 0.214256734 0.976768672 -0.004202843 0.451177299 -0.532307684 0.113153651 -0.838955820 3.385444164
-0.840039432 0.201905444 0.503558159 -0.595531464 0.230897680 0.972965837 -0.004933811 0.454528242 -0.490942895 0.112126708 -0.863947153 3.383641481
-0.876358330 0.219752356 0.428611100 -0.600513637 0.242449716 0.970162630 -0.001687170 0.461708128 -0.416195512 0.102438860 -0.903487444 3.380551815
-0.897333205 0.209097669 0.388681829 -0.604487538 0.224058241 0.974550903 -0.007002297 0.464923590 -0.380256653 0.080804899 -0.921345294 3.378122330
-0.918365419 0.196614921 0.343441904 -0.611919224 0.201084375 0.979304612 -0.022939928 0.470100701 -0.340848625 0.047993820 -0.938893497 3.368163109
-0.933224738 0.170752227 0.316132873 -0.625093520 0.166947260 0.985181689 -0.039299831 0.473562300 -0.318163007 0.016102040 -0.947900474 3.362823248
-0.939550817 0.138548508 0.313134998 -0.640082002 0.135578305 0.990269661 -0.031357732 0.478164703 -0.314436674 0.012992095 -0.949190617 3.360424280
-0.940365732 0.124086507 0.316732615 -0.649346054 0.126521111 0.991878510 -0.012958413 0.480171055 -0.315772504 0.027887702 -0.948426068 3.358006954
-0.944802344 0.112018950 0.307904333 -0.672484457 0.121682599 0.992492497 0.012297517 0.483082741 -0.304219425 0.049085069 -0.951337814 3.349123955
-0.950389981 0.109507814 0.291156292 -0.700057149 0.110839315 0.993765593 -0.011973115 0.484587729 -0.290656537 0.020892328 -0.956600487 3.338164568
-0.955809116 0.090572000 0.279696971 -0.714086413 0.084985495 0.995865464 -0.032066703 0.484838724 -0.281449080 -0.006879630 -0.959552646 3.333586931
-0.962386906 0.066931173 0.263325840 -0.740556777 0.061410181 0.997684896 -0.029157002 0.480360091 -0.264673203 -0.011889987 -0.964265466 3.327372074
-0.961974919 0.046932612 0.269091755 -0.764897466 0.039389241 0.998664916 -0.033373490 0.477748215 -0.270304143 -0.021505821 -0.962535322 3.321164131
-0.971568406 0.046590801 0.232149050 -0.792162001 0.039411996 0.998591483 -0.035475690 0.477004230 -0.233480558 -0.025318280 -0.972032368 3.318183422
-0.975853920 0.051632140 0.212254092 -0.805528760 0.041247759 0.997736573 -0.053075932 0.475464672 -0.214519799 -0.043039978 -0.975771546 3.318758965
-0.978806555 0.048640206 0.198935091 -0.815261364 0.036727630 0.997327864 -0.063139185 0.472962320 -0.201475158 -0.054494370 -0.977975965 3.319959879
-0.981766939 0.048245903 0.183872491 -0.824317575 0.034973364 0.996587694 -0.074755132 0.473188818 -0.186852306 -0.066961169 -0.980102658 3.321277142
-0.988004267 0.015471993 0.153659433 -0.838556528 0.005318783 0.997787058 -0.066267364 0.472709775 -0.154345408 -0.064654782 -0.985898495 3.324493408
-0.993591845 0.002493074 0.113008723 -0.851777077 -0.004525485 0.998077452 -0.061803017 0.469353795 -0.112946004 -0.061918292 -0.991668463 3.328823090
-0.995102227 0.000652581 0.098856650 -0.858846426 -0.006010849 0.997728288 -0.067089431 0.466889441 -0.098676197 -0.067354985 -0.992836058 3.331485748
-0.997342765 -0.000324124 0.072862774 -0.871695399 -0.005902889 0.997062325 -0.076359205 0.464066327 -0.072624579 -0.076586209 -0.994413137 3.335405827
-0.998060763 0.017661020 0.059704524 -0.878013074 0.012383649 0.996075988 -0.087624893 0.464939713 -0.061018307 -0.086715475 -0.994361281 3.338660955
-0.998047650 0.035133045 0.051655903 -0.878223002 0.029890263 0.994640589 -0.098973729 0.465126693 -0.054856688 -0.097236350 -0.993746877 3.339517355
-0.996075213 0.061862949 0.063316002 -0.870608151 0.054659113 0.992451072 -0.109783277 0.465012103 -0.069630131 -0.105891302 -0.991935372 3.339477301
-0.993919730 0.083944239 0.071264178 -0.852143526 0.075613387 0.990772486 -0.112478495 0.465319723 -0.080048867 -0.106405817 -0.991093874 3.339588165
-0.989330113 0.105343483 0.100651473 -0.823404431 0.091740943 0.987081468 -0.131353512 0.461968839 -0.113188699 -0.120717525 -0.986211717 3.342458963
-0.987278402 0.106110722 0.118420921 -0.804694772 0.090161316 0.987038791 -0.132758871 0.460288137 -0.130973503 -0.120392688 -0.984047651 3.344919443
-0.981633306 0.098227084 0.163551480 -0.760030687 0.077305391 0.988532901 -0.129717484 0.456772000 -0.174418017 -0.114691354 -0.977968395 3.350361824
-0.970585346 0.091841035 0.222559303 -0.706852436 0.064605430 0.989832103 -0.126720622 0.453607261 -0.231934592 -0.108613625 -0.966647863 3.353173494
-0.941704929 0.099402264 0.321425319 -0.619816422 0.063106805 0.990588367 -0.121456847 0.454077631 -0.330473036 -0.094091624 -0.939112663 3.361294508
-0.923896074 0.095472001 0.370544791 -0.559256136 0.057986133 0.992122233 -0.111044966 0.457168996 -0.378227830 -0.081107184 -0.922151566 3.370043993
-0.794916928 0.077518076 0.601747513 -0.295750618 -0.019354034 0.988059819 -0.152850688 0.439547032 -0.606410980 -0.133149520 -0.783922851 3.401690960
-0.758290708 0.094963193 0.644964576 -0.245342970 -0.013716667 0.986790597 -0.161419570 0.439451098 -0.651774704 -0.131249264 -0.746970177 3.392699957
-0.741174102 0.107437126 0.662661314 -0.220914721 -0.008181018 0.985591650 -0.168943942 0.436105758 -0.671265066 -0.130637780 -0.729614854 3.384541273
-0.715604305 0.116083533 0.688794136 -0.170454383 -0.007034960 0.984846234 -0.173286468 0.428173363 -0.698472857 -0.128849760 -0.703942120 3.360933542
-0.712644219 0.109600514 0.692913294 -0.119674683 -0.012178930 0.985638797 -0.168427587 0.418714046 -0.701422513 -0.128467396 -0.701073289 3.324052811
-0.719218194 0.097184718 0.687955558 -0.094138026 -0.020170594 0.986831009 -0.160492703 0.418141305 -0.694494009 -0.129305482 -0.707784951 3.303410053
-0.737265885 0.062155895 0.672739148 -0.046509504 -0.040757321 0.989853501 -0.136121273 0.422714740 -0.674374521 -0.127776146 -0.727250338 3.259180069
-0.759743273 0.059112526 0.647532403 -0.002002954 -0.031984642 0.991255999 -0.128017977 0.427738607 -0.649438560 -0.117971562 -0.751207948 3.213602066
-0.783532679 0.065778472 0.617860317 0.036912799 -0.029972455 0.989222705 -0.143322542 0.427340865 -0.620629489 -0.130816638 -0.773115396 3.164950848
-0.797018468 0.073720738 0.599440336 0.054244518 -0.019770047 0.988806665 -0.147891477 0.427482903 -0.603633702 -0.129723132 -0.786637843 3.140940666
-0.829045653 0.078735270 0.553611755 0.087549090 -0.013308484 0.986979485 -0.160297960 0.420066774 -0.559025288 -0.140262097 -0.817201614 3.090693235
-0.861462712 0.088569559 0.500039935 0.121255994 -0.001260512 0.984297395 -0.176514208 0.409114152 -0.507822573 -0.152690604 -0.847821593 3.036996841
-0.896702290 0.092458926 0.432872802 0.156470418 0.022170659 0.986095309 -0.164695889 0.398004115 -0.442082405 -0.138086170 -0.886281550 2.977633476
-0.914041519 0.099605955 0.393203914 0.173542261 0.036506865 0.985648155 -0.164818555 0.394696355 -0.403978676 -0.136296287 -0.904557407 2.947030544
-0.946242332 0.070993811 0.315573275 0.200011015 0.021540036 0.987281203 -0.157517657 0.400307029 -0.322742581 -0.142252550 -0.935735583 2.888946533
-0.967341781 0.074957624 0.242141351 0.222975731 0.038504273 0.987643719 -0.151912600 0.404705137 -0.250536859 -0.137628168 -0.958274186 2.830914497
-0.984436810 0.063330196 0.163935438 0.242055893 0.034170177 0.983987570 -0.174931005 0.409617722 -0.172389150 -0.166606903 -0.970836639 2.739257812
-0.988892913 0.077652767 0.126735225 0.254430950 0.051233046 0.978500605 -0.199779019 0.398799866 -0.139524475 -0.191067159 -0.971609950 2.674431801
-0.994306386 0.068358280 0.081759073 0.268741548 0.051493708 0.979846656 -0.193001702 0.385156900 -0.093304224 -0.187692761 -0.977786243 2.599021435
-0.998618543 0.039344233 0.034869749 0.277896464 0.032870494 0.984909356 -0.169922456 0.374681234 -0.041028772 -0.168541506 -0.984840453 2.519950628
-0.999499083 0.028829088 0.013158530 0.281821579 0.026193626 0.985269547 -0.168991268 0.375404567 -0.017836429 -0.168561891 -0.985529840 2.479937315
-0.999615848 0.027558487 -0.003372878 0.277631253 0.027757101 0.989339769 -0.142958447 0.383538336 -0.000602476 -0.142997235 -0.989723146 2.401736021
-0.999261618 0.036147349 -0.013139156 0.286758661 0.037626866 0.989542246 -0.139257580 0.386716247 0.007968175 -0.139649317 -0.990167916 2.326220274
-0.998760581 0.048678644 -0.010523530 0.291510940 0.049694773 0.988014758 -0.146147594 0.389871031 0.003283289 -0.146489635 -0.989205837 2.290819645
-0.998039424 0.061302122 -0.012750524 0.293471336 0.062517360 0.986927390 -0.148552582 0.390183330 0.003477388 -0.149058729 -0.988821387 2.255533457
-0.997572839 0.065352023 -0.024092289 0.294854999 0.068265729 0.986025631 -0.151970819 0.388909161 0.013824285 -0.153246701 -0.988090336 2.219182014
-0.997036815 0.048199333 -0.059981234 0.291662484 0.057063974 0.986084104 -0.156152412 0.381748646 0.051620200 -0.159112543 -0.985908985 2.145508051
-0.993675530 0.037876479 -0.105720446 0.296456307 0.052897561 0.988292038 -0.143113241 0.373205960 0.099062264 -0.147800684 -0.984043300 2.062083721
-0.989893615 0.039280646 -0.136273399 0.295980573 0.057339724 0.989691377 -0.131239295 0.371568263 0.129713506 -0.137727171 -0.981939435 2.021513462
-0.980884016 0.014795380 -0.194035709 0.294761240 0.040965486 0.990461290 -0.131563455 0.376176596 0.190238357 -0.136997357 -0.972131968 1.943523288
-0.969789445 0.004839662 -0.243899748 0.289636433 0.034581032 0.992433965 -0.117807522 0.385826051 0.241485313 -0.122683100 -0.962618232 1.867774725
-0.941272616 -0.035581827 -0.335771203 0.266029686 0.003788328 0.993256330 -0.115875140 0.391217709 0.337630928 -0.110342413 -0.934788883 1.761644721
-0.923139155 -0.055064466 -0.380503148 0.238993257 -0.011850865 0.993296683 -0.114993326 0.385274172 0.384285569 -0.101645976 -0.917601824 1.694665670
-0.909523726 -0.048317157 -0.412835389 0.212029040 -0.007880818 0.995047688 -0.099095359 0.375035286 0.415579885 -0.086876489 -0.905398428 1.629896760
-0.905462384 -0.043346845 -0.422208220 0.197348714 -0.004056181 0.995610297 -0.093517348 0.370424449 0.424409717 -0.082964242 -0.901661634 1.595819950
-0.904029310 -0.031819947 -0.426285267 0.173446089 0.005039351 0.996364176 -0.085060269 0.365480840 0.427443147 -0.079045683 -0.900580108 1.565371275
-0.900007725 -0.033022523 -0.434625268 0.159549385 0.004997852 0.996280193 -0.086046174 0.364310592 0.435852438 -0.079615124 -0.896490455 1.530796289
-0.881655574 -0.032548696 -0.470773339 0.124812663 0.007552756 0.996518910 -0.083042651 0.368622154 0.471839726 -0.076771230 -0.878336132 1.471784353
-0.847896874 -0.040507264 -0.528614879 0.079886556 0.001209806 0.996927977 -0.078334227 0.377360314 0.530165970 -0.067059599 -0.845238209 1.415608525
-0.829400897 -0.040340301 -0.557197988 0.055834711 0.007032673 0.996557117 -0.082616977 0.378452182 0.558613718 -0.072441518 -0.826258540 1.381824732
-0.793222785 -0.023720033 -0.608471632 0.010030687 0.027025659 0.996885657 -0.074092798 0.379806101 0.608335018 -0.075216860 -0.790108323 1.336698890
-0.745890975 -0.022034435 -0.665705681 -0.043867826 0.035205185 0.996752083 -0.072437048 0.375960708 0.665140450 -0.077466831 -0.742689133 1.297339678
-0.684131324 -0.012007631 -0.729259789 -0.096760035 0.041355874 0.997616112 -0.055222400 0.370390356 0.728186905 -0.067938358 -0.682004154 1.249840260
-0.647795081 -0.006689097 -0.761785090 -0.125414610 0.044028416 0.997960210 -0.046202596 0.367365271 0.760542929 -0.063469931 -0.646179259 1.228352070
-0.583543718 -0.024382049 -0.811715424 -0.181534201 0.031683080 0.998103559 -0.052757081 0.366034567 0.811465025 -0.056503478 -0.581664503 1.186461568
-0.526824534 -0.054231532 -0.848242044 -0.241510093 0.014694061 0.997231305 -0.072882652 0.378459871 0.849848688 -0.050860193 -0.524568617 1.163594961
-0.480567247 -0.056513555 -0.875135183 -0.268336952 0.018927420 0.997020781 -0.074777693 0.384164453 0.876755416 -0.052499995 -0.478065372 1.138975739
-0.405239791 -0.062410414 -0.912078023 -0.322177887 0.020723745 0.996783674 -0.077413850 0.392562658 0.913977087 -0.050273083 -0.402642369 1.112847090
-0.356583953 -0.049457051 -0.932953477 -0.382036835 0.023117065 0.997825146 -0.061730988 0.396095067 0.933978915 -0.043579679 -0.354664415 1.104928255
-0.313952029 -0.035966769 -0.948757648 -0.445374221 0.031223837 0.998350680 -0.048178621 0.391594082 0.948927104 -0.044749744 -0.312310278 1.091174603
-0.297028303 -0.035223879 -0.954218984 -0.478698373 0.023850758 0.998733997 -0.044290945 0.387199789 0.954572320 -0.035914734 -0.295811415 1.082723618
-0.284829795 -0.040081654 -0.957739294 -0.561173856 0.019095423 0.998690546 -0.047474314 0.381089777 0.958389699 -0.031810496 -0.283690721 1.062272429
-0.278431177 -0.057008605 -0.958762228 -0.630929053 0.022219129 0.997587979 -0.065769747 0.377625078 0.960200906 -0.039615151 -0.276492119 1.052290201
-0.246433869 -0.059422914 -0.967335701 -0.704794645 0.015325501 0.997755349 -0.065195739 0.388313293 0.969040215 -0.030891251 -0.244969264 1.048649549
-0.228106007 -0.059649624 -0.971806884 -0.739355683 0.010061275 0.997924387 -0.063614324 0.393169284 0.973585963 -0.024288308 -0.227031529 1.046356916
-0.209275156 -0.050165433 -0.976568818 -0.804970503 0.035420455 0.997638941 -0.058838617 0.401529819 0.977216661 -0.046903674 -0.207003310 1.041867256
-0.191464692 -0.038212135 -0.980755091 -0.875247359 0.061310466 0.996824682 -0.050807640 0.403169453 0.979584277 -0.069858395 -0.188513234 1.042532444
-0.158433631 -0.035459578 -0.986732423 -0.952144861 0.066739343 0.996684849 -0.046533499 0.397934675 0.985113144 -0.073226072 -0.155540898 1.050045371
-0.132276714 -0.027851198 -0.990821123 -0.992301643 0.068331532 0.996970892 -0.037146617 0.394636035 0.988856375 -0.072617926 -0.129972100 1.051833510
-0.099411480 -0.020226704 -0.994840145 -1.035180807 0.068709709 0.997267067 -0.027141759 0.394436091 0.992672265 -0.071053796 -0.097750075 1.046784043
-0.068421826 -0.014240351 -0.997554243 -1.075421333 0.064277343 0.997757375 -0.018651618 0.393909425 0.995584726 -0.065396614 -0.067353062 1.047548532
-0.021846220 -0.028154045 -0.999364257 -1.152619362 0.038054153 0.998855174 -0.028971387 0.400076181 0.999037921 -0.038663071 -0.020749822 1.050730586
0.013500117 -0.030697376 -0.999437094 -1.226117849 0.040381320 0.998729646 -0.030129910 0.411639661 0.999094248 -0.039952159 0.014722720 1.065422773
0.038209513 -0.032468665 -0.998741567 -1.262965560 0.052062381 0.998179615 -0.030457951 0.412030846 0.997913659 -0.050832983 0.039830144 1.064132571
0.055080481 -0.028633403 -0.998070657 -1.327822566 0.034142002 0.999058723 -0.026777079 0.414629221 0.997899175 -0.032601140 0.056006141 1.072296381
0.044006303 -0.026348954 -0.998683214 -1.392051458 0.025354235 0.999359965 -0.025249118 0.410752058 0.998710692 -0.024209460 0.044646066 1.082397461
0.030580146 -0.018172331 -0.999366641 -1.425678015 0.032821082 0.999314249 -0.017166376 0.408351868 0.998994291 -0.032275233 0.031155296 1.095404148
-0.000387831 0.004339564 -0.999988735 -1.491323233 0.055076886 0.998473525 0.004312181 0.401113361 0.998485923 -0.055074155 -0.000627094 1.110652924
-0.035008363 0.048960693 -0.998185277 -1.556287527 0.072273418 0.996308923 0.046334364 0.400615990 0.996774137 -0.070519701 -0.038418733 1.126274467
-0.065905064 0.052130684 -0.996461511 -1.647240162 0.064321436 0.996780038 0.047893800 0.414270282 0.995754421 -0.060936917 -0.069047138 1.137437463
-0.103639923 0.054660931 -0.993112206 -1.695342660 0.061170012 0.996948719 0.048488438 0.425364852 0.992733240 -0.055722728 -0.106668279 1.136296868
-0.165799975 0.054404899 -0.984657884 -1.731130958 0.070974678 0.996545851 0.043110900 0.432551563 0.983603060 -0.062737599 -0.169089556 1.119904995
-0.232164130 0.067451388 -0.970335484 -1.756834865 0.079851463 0.995546758 0.050098680 0.438117772 0.969394445 -0.065851264 -0.236517251 1.096729040
-0.267003238 0.070909761 -0.961083710 -1.766448975 0.077722564 0.995624840 0.051865749 0.440763801 0.960557401 -0.060848948 -0.271347225 1.084350109
-0.347208470 0.062941104 -0.935673118 -1.779533863 0.060263421 0.997180104 0.044716369 0.443391353 0.935852051 -0.040860895 -0.350022256 1.053404212
-0.429962426 0.048961602 -0.901517987 -1.782229662 0.060531594 0.997844756 0.025324065 0.440457612 0.900817573 -0.043681860 -0.431999385 1.018711805
-0.469822526 0.053967521 -0.881109536 -1.780817747 0.068201780 0.997364938 0.024722215 0.439641058 0.880124688 -0.048478145 -0.472265363 1.000502110
-0.512362123 0.054196656 -0.857057214 -1.777062654 0.071734332 0.997219265 0.020176347 0.436885506 0.855770469 -0.051142789 -0.514825523 0.982622445
-0.554131985 0.053960878 -0.830678165 -1.775879741 0.077840269 0.996883154 0.012832260 0.433627248 0.828782916 -0.057549540 -0.556604564 0.958431900
-0.629317224 0.063389264 -0.774559140 -1.761862993 0.094536334 0.995510399 0.004662967 0.429099739 0.771378696 -0.070289634 -0.632484078 0.921982527
-0.721754313 0.056008052 -0.689879835 -1.732662916 0.084040619 0.996437490 -0.007026675 0.423810393 0.687030256 -0.063049547 -0.723889709 0.861617565
-0.776885509 0.048780669 -0.627750576 -1.711691380 0.073130786 0.997237384 -0.013011743 0.422499090 0.625382304 -0.056016628 -0.778305352 0.819475532
-0.818871915 0.049377535 -0.571849942 -1.683005214 0.068578102 0.997572720 -0.012063963 0.421051443 0.569867134 -0.049095374 -0.820269287 0.782079995
-0.853962958 0.041454189 -0.518681407 -1.653148174 0.056182183 0.998339415 -0.012709032 0.418694288 0.517294288 -0.039993923 -0.854872823 0.747985661
-0.868739247 0.036702946 -0.493909538 -1.639407039 0.051044002 0.998574793 -0.015575818 0.418794274 0.492634773 -0.038742531 -0.869373441 0.731982231
-0.892265677 0.036766797 -0.450014383 -1.613058090 0.051032316 0.998504698 -0.019604381 0.414227128 0.448622644 -0.040457945 -0.892805696 0.701226592
-0.913373888 0.034449041 -0.405664891 -1.587143660 0.048600577 0.998514473 -0.024632223 0.411112696 0.404215962 -0.042214204 -0.913689435 0.675210655
-0.925593972 0.034180719 -0.376975179 -1.573242784 0.047967635 0.998477221 -0.027242258 0.410106838 0.375472039 -0.043298319 -0.925822496 0.664215922
