0.999788821 0.007770831 0.019040208 -0.457052320 -0.007317311 0.999690533 -0.023773165 -0.059029438 -0.019219123 0.023628887 0.999535859 0.350569099
0.999789834 0.007556004 0.019075826 -0.457070082 -0.007104000 0.999694884 -0.023651984 -0.058979552 -0.019248784 0.023511557 0.999538064 0.350503981
0.999789357 0.007808421 0.018995216 -0.457024753 -0.007353614 0.999687374 -0.023895668 -0.059070617 -0.019175926 0.023751011 0.999533832 0.350521088
0.999787629 0.007893208 0.019053942 -0.457239389 -0.007440206 0.999690711 -0.023728942 -0.059296757 -0.019235404 0.023582198 0.999536633 0.351124614
0.999788105 0.007754405 0.019079182 -0.457002878 -0.007303385 0.999694943 -0.023595948 -0.059453204 -0.019256385 0.023451654 0.999539256 0.350810707
0.999788105 0.007865348 0.019033579 -0.457013905 -0.007416424 0.999695361 -0.023542039 -0.059431054 -0.019212998 0.023395937 0.999541402 0.350813657
0.999785304 0.008077619 0.019091457 -0.457047373 -0.007633211 0.999700904 -0.023236578 -0.059504814 -0.019273493 0.023085909 0.999547422 0.350773424
0.999786675 0.007656247 0.019199055 -0.457168519 -0.007200046 0.999692678 -0.023718564 -0.059106454 -0.019374810 0.023575330 0.999534130 0.350701362
0.999780893 0.008215676 0.019277673 -0.457005113 -0.007761193 0.999692917 -0.023532331 -0.059133366 -0.019465186 0.023377616 0.999536812 0.350282997
0.999777019 0.008010586 0.019563472 -0.457112283 -0.007549093 0.999694169 -0.023549700 -0.059013058 -0.019746235 0.023396824 0.999530852 0.349759579
0.999777377 0.008569604 0.019306144 -0.456889719 -0.008121174 0.999698222 -0.023186343 -0.059093893 -0.019499110 0.023024451 0.999544382 0.349512756
0.999776125 0.008337861 0.019469166 -0.457024992 -0.007884189 0.999698162 -0.023262627 -0.059397098 -0.019657351 0.023103984 0.999539495 0.350490123
0.999777853 0.008540671 0.019289842 -0.457003415 -0.008093325 0.999699116 -0.023149809 -0.059694100 -0.019481855 0.022988612 0.999545574 0.350906730
0.999778867 0.008456199 0.019275455 -0.456911922 -0.008002385 0.999691665 -0.023499308 -0.059580687 -0.019468326 0.023339923 0.999537766 0.350499481
0.999784887 0.008198087 0.019072048 -0.456995249 -0.007747965 0.999692321 -0.023555446 -0.059590854 -0.019259391 0.023402670 0.999540269 0.351062238
0.999781191 0.008260717 0.019240402 -0.456986070 -0.007806887 0.999692142 -0.023543101 -0.059171535 -0.019429054 0.023387820 0.999537349 0.350473046
0.999777138 0.008724501 0.019247271 -0.457177162 -0.008278113 0.999697506 -0.023150187 -0.059311125 -0.019443518 0.022985773 0.999546409 0.350556284
0.999786854 0.008232057 0.018956544 -0.457026392 -0.007780125 0.999686539 -0.023790877 -0.059214726 -0.019146550 0.023638384 0.999536932 0.350571066
0.999780536 0.008622878 0.019115852 -0.457120717 -0.008170898 0.999687970 -0.023596540 -0.059126686 -0.019313451 0.023435242 0.999538481 0.350256741
0.999773443 0.008613719 0.019491281 -0.457039922 -0.008155155 0.999690890 -0.023484014 -0.059167333 -0.019687647 0.023319794 0.999533772 0.350391626
0.999772727 0.009049801 0.019330690 -0.457072169 -0.008596138 0.999688685 -0.023423001 -0.059120782 -0.019536749 0.023251561 0.999538362 0.350302905
0.999774516 0.009211037 0.019157413 -0.456933498 -0.008762771 0.999688864 -0.023351768 -0.059120700 -0.019366654 0.023178687 0.999543309 0.350045532
0.999773920 0.008957977 0.019309578 -0.457036376 -0.008501776 0.999685764 -0.023578646 -0.059051987 -0.019514833 0.023409203 0.999535084 0.350280344
0.999770105 0.009005895 0.019477095 -0.457005888 -0.008543367 0.999682486 -0.023700582 -0.059238777 -0.019684456 0.023528799 0.999528944 0.349959552
0.999767065 0.008316884 0.019934254 -0.457146972 -0.007834663 0.999677598 -0.024147032 -0.059132013 -0.020128755 0.023985295 0.999509215 0.349930167
0.999768972 0.008784044 0.019638315 -0.456995159 -0.008311122 0.999676466 -0.024034014 -0.059101593 -0.019843180 0.023865309 0.999517858 0.349672318
0.999766469 0.009164379 0.019596294 -0.457002133 -0.008697030 0.999678910 -0.023801116 -0.059133518 -0.019808222 0.023625184 0.999524295 0.350426674
0.999772847 0.009210343 0.019240767 -0.456882864 -0.008755702 0.999683559 -0.023579616 -0.059123062 -0.019451950 0.023405852 0.999536395 0.350638002
0.999777555 0.008533253 0.019304486 -0.456899256 -0.008074397 0.999686003 -0.023722304 -0.059190761 -0.019500948 0.023561213 0.999531806 0.350700587
0.999772370 0.009011444 0.019361429 -0.456839830 -0.008554716 0.999686241 -0.023542890 -0.059288025 -0.019567607 0.023371959 0.999534905 0.349990189
0.999770284 0.008996120 0.019478852 -0.457010150 -0.008534627 0.999683797 -0.023646004 -0.059159610 -0.019685514 0.023474388 0.999530315 0.350719094
0.999771893 0.008672512 0.019544855 -0.456987977 -0.008211258 0.999688625 -0.023556881 -0.059226379 -0.019743167 0.023391079 0.999531090 0.350408822
0.999773443 0.008211865 0.019658899 -0.457143903 -0.007746879 0.999691010 -0.023612278 -0.059170257 -0.019846823 0.023454694 0.999527633 0.350387096
0.999771953 0.008995833 0.019388089 -0.456927776 -0.008545980 0.999695241 -0.023160376 -0.059353843 -0.019590624 0.022989461 0.999543428 0.350582391
0.999770641 0.008984647 0.019466493 -0.456935346 -0.008523383 0.999683857 -0.023648916 -0.059275914 -0.019672917 0.023477633 0.999530435 0.350549698
0.999771416 0.008964655 0.019443214 -0.456893682 -0.008504057 0.999684215 -0.023641877 -0.058765601 -0.019649157 0.023471359 0.999530971 0.350445598
0.999768734 0.009086903 0.019512136 -0.457001507 -0.008621252 0.999679327 -0.023814086 -0.058408611 -0.019722449 0.023640545 0.999525428 0.350084603
0.999768019 0.009090439 0.019554341 -0.456940711 -0.008629458 0.999685884 -0.023526672 -0.058702759 -0.019762281 0.023352832 0.999531567 0.349856466
0.999769866 0.008788211 0.019598480 -0.457083315 -0.008328791 0.999691486 -0.023396144 -0.059047781 -0.019798296 0.023227694 0.999533772 0.350173801
0.999772072 0.008685078 0.019524243 -0.457022220 -0.008228665 0.999693811 -0.023330294 -0.059190791 -0.019721178 0.023164658 0.999536753 0.350461781
0.999769688 0.009141553 0.019449450 -0.456995755 -0.008682174 0.999684274 -0.023567023 -0.058821585 -0.019659074 0.023392882 0.999532878 0.350370228
0.999772906 0.008772116 0.019465264 -0.457004279 -0.008307932 0.999682307 -0.023780579 -0.059121937 -0.019667683 0.023613991 0.999527156 0.350437582
0.999770105 0.008932021 0.019530647 -0.457021266 -0.008463037 0.999677181 -0.023944028 -0.058096118 -0.019738251 0.023773769 0.999521911 0.350215554
0.999769688 0.008888007 0.019564159 -0.457167804 -0.008425491 0.999686003 -0.023582704 -0.058439560 -0.019767482 0.023412868 0.999530017 0.350131005
0.999770105 0.008918488 0.019537983 -0.457126945 -0.008458543 0.999688089 -0.023484441 -0.058930397 -0.019741433 0.023314184 0.999532700 0.350194186
0.999769390 0.009066997 0.019507485 -0.457059532 -0.008607674 0.999686658 -0.023487788 -0.059089657 -0.019714318 0.023314847 0.999533296 0.350328445
0.999768913 0.009184895 0.019471571 -0.457015574 -0.008728745 0.999688447 -0.023370169 -0.059106834 -0.019680044 0.023195118 0.999536633 0.350588679
0.999770820 0.008830003 0.019525981 -0.457084000 -0.008371394 0.999690235 -0.023439908 -0.059202880 -0.019726865 0.023271123 0.999533951 0.350696951
0.999769628 0.008984994 0.019519180 -0.457060665 -0.008515467 0.999675691 -0.023999676 -0.058108304 -0.019728482 0.023827991 0.999520838 0.350403070
0.999769747 0.009051114 0.019490536 -0.457046419 -0.008588992 0.999683201 -0.023657240 -0.058553774 -0.019698560 0.023484619 0.999529541 0.350044250
0.999772370 0.008882118 0.019437494 -0.457013160 -0.008422008 0.999685347 -0.023617959 -0.058828190 -0.019641314 0.023449024 0.999531746 0.350149423
0.999772966 0.008782039 0.019441787 -0.457040399 -0.008328329 0.999694109 -0.023286691 -0.059052277 -0.019640507 0.023119807 0.999539554 0.350296140
0.999763489 0.009214881 0.019739626 -0.457041413 -0.008755054 0.999691546 -0.023244964 -0.058967356 -0.019948021 0.023066794 0.999534249 0.349972963
0.999760568 0.008875282 0.020007977 -0.457158774 -0.008409062 0.999694467 -0.023233684 -0.059263639 -0.020208830 0.023060409 0.999529541 0.350615442
0.999759614 0.008892985 0.020054311 -0.457102627 -0.008420438 0.999688148 -0.023500536 -0.058528658 -0.020257540 0.023326287 0.999522388 0.350525528
0.999685645 0.010454416 0.022811122 -0.457061261 -0.009910576 0.999666870 -0.023826526 -0.057609543 -0.023052791 0.023592971 0.999455571 0.350251824
0.996885121 0.013272008 0.077752352 -0.453874469 -0.011357826 0.999622285 -0.025010694 -0.058339611 -0.078055359 0.024049791 0.996658683 0.355318159
1.000000477 0.000000005 -0.000000061 -0.000000209 0.000000005 0.999999762 -0.000000020 0.000000007 -0.000000061 -0.000000020 0.999999642 -0.000000089
0.999662101 0.020844365 0.015563006 0.004285272 -0.020379776 0.999358654 -0.029435158 0.002310094 -0.016166683 0.029107975 0.999445200 0.018550852
0.998713017 0.036187626 0.035548460 0.012546651 -0.035179608 0.998971939 -0.028583186 0.003317618 -0.036546357 0.027295755 0.998958766 0.027645158
0.998235643 0.052750234 0.027279632 0.006980837 -0.052616078 0.998598814 -0.005611835 0.005319665 -0.027537514 0.004166526 0.999611735 0.010377279
0.998832703 0.046816368 0.011941729 0.007921996 -0.046709444 0.998867035 -0.009079032 0.007065721 -0.012353340 0.008510578 0.999887109 0.011195220
0.999223232 0.038537864 0.008304965 0.010746907 -0.038518738 0.999254644 -0.002448870 0.008564335 -0.008393245 0.002127013 0.999962151 0.016328758
0.998722613 0.048111845 0.015470381 0.014627083 -0.048410732 0.998635650 0.019565618 0.008945007 -0.014508036 -0.020289594 0.999688506 0.018862009
0.998057544 0.061899573 0.007110794 0.017212456 -0.062017865 0.997915328 0.017841263 0.012706104 -0.005991709 -0.018247642 0.999815166 0.003256969
0.998145759 0.060487609 0.006963760 0.018404437 -0.060520373 0.998155773 0.004596336 0.024289941 -0.006673175 -0.005009235 0.999964535 0.025835538
0.997463048 0.070127144 0.012325993 0.017683476 -0.069976151 0.997472465 -0.012279669 0.037355032 -0.013156245 0.011385997 0.999848008 0.023474133
0.997094631 0.071490005 0.026339516 0.019878490 -0.070860490 0.997194290 -0.024104631 0.052177966 -0.027989112 0.022168159 0.999361694 0.025195358
0.997275293 0.070607282 0.021421175 0.017842937 -0.069132991 0.995606601 -0.063140653 0.089106001 -0.025785509 0.061487637 0.997774065 0.024354162
0.999368727 0.035296455 0.004374226 0.034678418 -0.034791030 0.995699406 -0.085863382 0.131964102 -0.007386360 0.085656911 0.996296704 0.054999311
0.999578536 0.029079869 0.000017659 0.045003530 -0.028988209 0.996475995 -0.078712329 0.164976150 -0.002306821 0.078678563 0.996896803 0.073944025
0.996906579 0.076418236 0.018450979 0.056732751 -0.074825436 0.994339943 -0.075428553 0.196961477 -0.024110906 0.073814541 0.996980011 0.100279860
0.992660463 0.117365085 0.029213626 0.070585050 -0.113824129 0.988206983 -0.102427140 0.221270919 -0.040890686 0.098350026 0.994310856 0.130489603
0.992467463 0.117427014 0.034946822 0.075965263 -0.113517441 0.988665879 -0.098254807 0.234375954 -0.046088815 0.093547568 0.994546413 0.142953560
0.994860113 0.101060882 0.006489858 0.091039613 -0.099966206 0.990288854 -0.096619628 0.258803636 -0.016191676 0.095474213 0.995299160 0.188444167
0.996741951 0.076445043 0.025760429 0.107687429 -0.073890224 0.993315578 -0.088683926 0.280659050 -0.032368004 0.086491518 0.995725632 0.238621578
0.995826900 0.065166816 0.063911915 0.120073408 -0.060308389 0.995342970 -0.075206950 0.291315496 -0.068515569 0.071038648 0.995117486 0.289882898
0.994880319 0.062155511 0.079703636 0.126790538 -0.056343939 0.995724797 -0.073200136 0.296327114 -0.083912969 0.068334527 0.994127035 0.321799308
0.992626667 0.053987835 0.108537920 0.136168599 -0.047058258 0.996747732 -0.065423921 0.307013869 -0.111717224 0.059833914 0.991936922 0.374781251
0.995090783 0.041010696 0.090084724 0.132874995 -0.034198228 0.996528745 -0.075906359 0.318557620 -0.092885241 0.072452962 0.993037045 0.439513355
0.994308710 0.051829718 0.093090750 0.142663017 -0.044546977 0.995904446 -0.078675404 0.322176576 -0.096787579 0.074080683 0.992543340 0.490118891
0.989728272 0.054805588 0.132046819 0.154561937 -0.044742085 0.995948076 -0.078009881 0.336581796 -0.135787427 0.071300499 0.988168001 0.563531041
0.992732882 0.032838244 0.115780309 0.169059336 -0.021890264 0.995275438 -0.094591729 0.349063337 -0.118339851 0.091369808 0.988759458 0.635672688
0.988325953 0.052833084 0.142907679 0.190538555 -0.040151577 0.995113015 -0.090212077 0.353510916 -0.146975875 0.083420940 0.985615790 0.716542065
0.984813809 0.065158546 0.160929501 0.200631499 -0.051564638 0.994850993 -0.087252006 0.357805073 -0.165786430 0.077628687 0.983101308 0.761766553
0.983421922 0.085214965 0.160068899 0.218770653 -0.069673121 0.992512524 -0.100324281 0.373987913 -0.167419851 0.087508552 0.981994033 0.857753098
0.985498846 0.092247218 0.142424226 0.241753802 -0.079964414 0.992754638 -0.089689612 0.391406327 -0.149666309 0.077000104 0.985733509 0.944607437
0.989834607 0.079612732 0.117862158 0.279575467 -0.071271963 0.994755208 -0.073371001 0.410326272 -0.123085633 0.064224929 0.990314901 1.055363059
0.993567646 0.067519173 0.090921022 0.291672528 -0.060504988 0.995131016 -0.077809960 0.421614349 -0.095732436 0.071808323 0.992812872 1.105439425
0.992378116 0.058099620 0.108684890 0.324721515 -0.050540339 0.996191323 -0.071059950 0.438687742 -0.112399898 0.065025441 0.991532326 1.199015975
0.988795102 0.042232953 0.143187866 0.354596257 -0.033956088 0.997635424 -0.059763450 0.447337031 -0.145373553 0.054231796 0.987888694 1.301032066
0.986453056 0.054022629 0.154906884 0.368562698 -0.046005413 0.997432411 -0.054883339 0.452404529 -0.157474607 0.047013182 0.986402631 1.351904988
0.980774760 0.048362825 0.189069495 0.398932219 -0.042124894 0.998431027 -0.036875304 0.469490290 -0.190556943 0.028201770 0.981270850 1.454220176
0.981237054 0.066125281 0.181124091 0.430656433 -0.060401157 0.997491181 -0.036944345 0.482590377 -0.183113053 0.025311047 0.982764959 1.558162808
0.978866577 0.069710724 0.192262620 0.482802033 -0.063394710 0.997233987 -0.038816236 0.495166183 -0.194437489 0.025807476 0.980575144 1.709378362
0.973994613 0.091370560 0.207338214 0.521752596 -0.082488522 0.995280147 -0.051104605 0.503377616 -0.211029932 0.032672603 0.976932943 1.812126637
0.970224738 0.086858436 0.226102650 0.563512683 -0.078042343 0.995809793 -0.047658589 0.513332546 -0.229295820 0.028594088 0.972936392 1.913007617
0.972107530 0.079164013 0.220777586 0.604859471 -0.069446780 0.996258497 -0.051444784 0.523288488 -0.224025071 0.034677736 0.973965704 2.015683889
0.974730134 0.078865305 0.209009126 0.628309906 -0.067506164 0.995856047 -0.060944900 0.526157737 -0.212950349 0.045295604 0.976011932 2.066104889
0.964800537 0.066961043 0.254324138 0.652744710 -0.055791486 0.997145772 -0.050887637 0.530061007 -0.257006794 0.034907475 0.965778351 2.118280172
0.951962173 0.054850813 0.301271260 0.735676885 -0.043658104 0.998088479 -0.043763839 0.533233404 -0.303096563 0.028508708 0.952532887 2.276092291
0.956806958 0.052652203 0.285921931 0.751347184 -0.040308136 0.997991085 -0.048890743 0.530814469 -0.287923098 0.035254281 0.957003534 2.325918198
0.948864520 0.042941317 0.312754184 0.803445280 -0.032626670 0.998740077 -0.038140509 0.537769139 -0.313999057 0.025986271 0.949066758 2.433326721
0.947651923 0.062419899 0.313147873 0.851118922 -0.051263288 0.997727215 -0.043742388 0.540503919 -0.315167665 0.025399854 0.948695838 2.530865669
0.941396952 0.065119855 0.330961674 0.932670712 -0.053641587 0.997603774 -0.043707162 0.548472941 -0.333016396 0.023392767 0.942630708 2.681347609
0.934651911 0.084365062 0.345416218 0.989555180 -0.075814389 0.996389866 -0.038215786 0.565208912 -0.347394496 0.009531181 0.937670708 2.792176008
0.939490259 0.068982929 0.335565180 1.051090360 -0.068788916 0.997552454 -0.012478299 0.582644284 -0.335605592 -0.011359554 0.941933572 2.910513401
0.952870667 0.054564070 0.298436075 1.106635690 -0.055521362 0.998442709 -0.005274758 0.599706650 -0.298260212 -0.011543200 0.954414248 3.023686647
0.952402413 0.057296943 0.299416125 1.136154175 -0.058244355 0.998285592 -0.005765104 0.610054791 -0.299233317 -0.011948187 0.954105198 3.079879761
0.945570230 0.055462338 0.320661724 1.191928506 -0.058226068 0.998302698 -0.000970364 0.620704532 -0.320171714 -0.017752960 0.947193086 3.184237480
0.941940665 0.067253433 0.328983247 1.250133991 -0.066494815 0.997693419 -0.013568715 0.624944568 -0.329138368 -0.009094323 0.944236994 3.287955046
0.917771757 0.069632709 0.390961707 1.310746074 -0.075982019 0.997108042 0.000775030 0.633998036 -0.389778137 -0.030417081 0.920405567 3.385130644
0.923246562 0.063713305 0.378895670 1.339607000 -0.069106683 0.997608125 0.000638637 0.636260986 -0.377949893 -0.026773298 0.925438762 3.435786247
0.940727413 0.068498313 0.332182586 1.398564577 -0.065628760 0.997645497 -0.019862590 0.639470160 -0.332762420 -0.003115205 0.943005502 3.533771276
0.931195378 0.067038953 0.358307153 1.466789961 -0.063717492 0.997744262 -0.021081671 0.637287498 -0.358913302 -0.003198802 0.933364987 3.631700754
0.922149241 0.058557529 0.382380664 1.572524190 -0.055750675 0.998273671 -0.018425044 0.645793021 -0.382800579 -0.004326840 0.923820376 3.779245377
0.909804523 0.058015496 0.410965174 1.642350197 -0.066059522 0.997800589 0.005385596 0.651343107 -0.409749687 -0.032047391 0.911635220 3.881503105
0.932609677 0.044742703 0.358105838 1.701732516 -0.044275992 0.998973668 -0.009507840 0.654564977 -0.358164608 -0.006987898 0.933632851 3.982359648
0.929122031 0.057755217 0.365238339 1.735489011 -0.056725617 0.998297274 -0.013558010 0.655099273 -0.365400255 -0.008120745 0.930815339 4.032969952
0.923716187 0.050730206 0.379707217 1.767058015 -0.052607488 0.998599827 -0.005438416 0.656989217 -0.379452229 -0.014951366 0.925090849 4.083104610
0.924929798 0.045281302 0.377438605 1.796242595 -0.045146655 0.998937428 -0.009208886 0.658063829 -0.377456427 -0.008521891 0.925988734 4.132336140
0.914131045 0.058409564 0.401195347 1.857407093 -0.060490213 0.998140216 -0.007490565 0.658665657 -0.400888443 -0.017420521 0.915961802 4.232079983
0.888220668 0.057091419 0.455856949 1.921869159 -0.065988250 0.997813284 0.003610092 0.660785496 -0.454655200 -0.033287171 0.890044808 4.330895424
0.887716115 0.062012598 0.456196874 1.951966763 -0.075302981 0.997099519 0.010992896 0.663693666 -0.454193115 -0.044111073 0.889810026 4.383531570
0.912236094 0.068310678 0.403930545 2.019705772 -0.076085076 0.997095406 0.003207044 0.666464984 -0.402539730 -0.033658091 0.914783120 4.483610630
0.902964413 0.073099680 0.423456967 2.091408491 -0.082714885 0.996564925 0.004344827 0.665249467 -0.421685666 -0.038949296 0.905906022 4.579308033
0.885953307 0.093098268 0.454338372 2.166814566 -0.102108650 0.994762957 -0.004726553 0.671992779 -0.452399731 -0.042204287 0.890816689 4.671249390
0.877789378 0.055799793 0.475789964 2.206641674 -0.066620812 0.997761965 0.005892986 0.677083671 -0.474396974 -0.036870148 0.879539192 4.718792915
0.881473720 0.064053714 0.467871904 2.282340050 -0.081719838 0.996501803 0.017535092 0.682325780 -0.465113044 -0.053691000 0.883622646 4.818708420
0.899375319 0.048062101 0.434531271 2.364413738 -0.051295441 0.998674929 -0.004291214 0.693269253 -0.434162706 -0.018429890 0.900646985 4.915717125
0.887054265 0.030653467 0.460648537 2.431497335 -0.032307521 0.999469161 -0.004295251 0.698128998 -0.460537136 -0.011072149 0.887570858 5.011347294
0.888533354 0.031634532 0.457721949 2.467719555 -0.027036678 0.999497056 -0.016594252 0.699904680 -0.458018214 0.002369442 0.888939321 5.061803341
0.859286129 0.043019950 0.509684563 2.539910316 -0.043252449 0.998999357 -0.011400356 0.705221355 -0.509666562 -0.012248704 0.860284507 5.161442280
0.871581376 0.030941904 0.489275038 2.609102011 -0.030165119 0.999499500 -0.009473168 0.708887756 -0.489325196 -0.006502262 0.872077763 5.261953831
0.884341300 0.041116655 0.465028465 2.644475460 -0.039060529 0.999137402 -0.014059878 0.708600521 -0.465207338 -0.005730349 0.885183632 5.312907219
0.886852205 0.044557523 0.459901571 2.679729462 -0.040575709 0.999003887 -0.018543869 0.708672047 -0.460271627 -0.002214930 0.887775838 5.362450123
0.883559346 0.048168074 0.465837359 2.716484070 -0.046023618 0.998811960 -0.015984330 0.707698822 -0.466055751 -0.007316123 0.884725690 5.410489559
0.868785918 0.066167206 0.490748405 2.788960218 -0.069538347 0.997513235 -0.011388250 0.705834210 -0.490283161 -0.024231702 0.871225834 5.506857872
0.887633264 0.060544152 0.456555307 2.856837034 -0.061533030 0.998023033 -0.012716267 0.715326786 -0.456424117 -0.016805595 0.889603317 5.607493401
0.895849407 0.037432194 0.442781121 2.926400185 -0.040050525 0.999191642 -0.003438766 0.723449826 -0.442553252 -0.014652769 0.896623373 5.701745987
0.902977169 0.044592250 0.427371174 2.961543798 -0.042824417 0.998987794 -0.013752736 0.724766552 -0.427553087 -0.005883192 0.903971732 5.747423172
0.888837516 0.038717669 0.456586063 3.036107063 -0.037171092 0.999232113 -0.012371672 0.725861728 -0.456715822 -0.005975240 0.889593303 5.840333939
0.877297163 0.037012622 0.478519469 3.106621027 -0.034003749 0.999309719 -0.014953434 0.723347783 -0.478744566 -0.003152617 0.877949119 5.934344292
0.866453946 0.044384271 0.497281730 3.143237114 -0.043440703 0.998965204 -0.013470733 0.727242529 -0.497366726 -0.009930151 0.867484212 5.983629704
0.859637201 0.040197592 0.509322345 3.212666750 -0.037443481 0.999175966 -0.015661575 0.737724543 -0.509533942 -0.005607281 0.860432804 6.083578110
0.857656598 0.057983242 0.510945082 3.286498070 -0.057129979 0.998214781 -0.017382784 0.741361856 -0.511041820 -0.014281600 0.859436572 6.179385185
0.850096345 0.051897269 0.524065495 3.365653038 -0.057612959 0.998323739 -0.005406574 0.743735731 -0.523468614 -0.025596503 0.851659775 6.277369976
0.847527742 0.057834446 0.527592540 3.406217098 -0.064516529 0.997899473 -0.005749074 0.741450071 -0.526817918 -0.029165756 0.849477232 6.327058792
0.832429409 0.048778158 0.551980674 3.487115860 -0.061655127 0.998086035 0.004780995 0.741849422 -0.550691962 -0.038012035 0.833842456 6.419590950
0.833165109 0.035783846 0.551866174 3.569346905 -0.058205985 0.998035848 0.023161065 0.743949950 -0.549954295 -0.051418677 0.833610237 6.515534401
0.837560594 0.043506052 0.544612825 3.653352976 -0.059780277 0.998136282 0.012200971 0.740363538 -0.543068647 -0.042775784 0.838598728 6.605629444
0.829433501 0.034915149 0.557516217 3.695678234 -0.053271770 0.998439252 0.016725792 0.740579188 -0.556063771 -0.043572601 0.829997182 6.652235031
0.834722817 0.028048724 0.549958825 3.780217648 -0.035528407 0.999363720 0.002956319 0.739059269 -0.549527764 -0.022006497 0.835186243 6.745537281
0.802348018 0.027589772 0.596220315 3.864491463 -0.039074153 0.999215543 0.006345498 0.738912582 -0.595579088 -0.028387796 0.802795649 6.829504013
0.781453371 0.030561561 0.623216331 3.904920578 -0.049868960 0.998662949 0.013558533 0.741151512 -0.621970534 -0.041674279 0.781931639 6.877819538
0.805453002 0.028828632 0.591960192 3.987145901 -0.043823250 0.998978555 0.010978380 0.742425978 -0.591040432 -0.034784149 0.805892467 6.972101212
0.780577421 0.034117907 0.624128819 4.075573921 -0.061197191 0.997883022 0.021988872 0.741083384 -0.622058749 -0.055358618 0.781011939 7.054390430
0.775237322 0.045179434 0.630053759 4.206640244 -0.080267288 0.996398628 0.027314741 0.744802475 -0.626551926 -0.071747921 0.776070833 7.189708710
0.772267342 0.027343880 0.634709537 4.297970295 -0.070260413 0.996621430 0.042553097 0.748320282 -0.631402314 -0.077457070 0.771577299 7.277149200
0.764642358 0.015876925 0.644260049 4.390021324 -0.061414722 0.996942520 0.048322778 0.750546634 -0.641523719 -0.076516621 0.763277411 7.363740444
0.738361955 -0.010343570 0.674325824 4.488642693 -0.047735967 0.996573150 0.067556448 0.755344391 -0.672716022 -0.082070298 0.735336065 7.444556713
0.741493165 -0.035785887 0.670005620 4.535022259 -0.020427989 0.996909916 0.075854562 0.755569458 -0.670652032 -0.069932275 0.738469183 7.485513687
0.740491569 -0.047386553 0.670393109 4.627791882 0.002578597 0.997704327 0.067674793 0.756777763 -0.672063410 -0.048383608 0.738912463 7.566487312
0.704446316 -0.038652185 0.708704293 4.716848850 -0.013515747 0.997604609 0.067843907 0.759134650 -0.709631383 -0.057370663 0.702235103 7.648232937
0.704551637 -0.005095888 0.709634602 4.844542980 -0.051420636 0.996979415 0.058211915 0.764318466 -0.707790077 -0.077502951 0.702159882 7.763956547
0.690160811 0.012395268 0.723550856 4.931118965 -0.068107978 0.996528208 0.047894049 0.765954971 -0.720446169 -0.082333788 0.688606560 7.836290836
0.673307955 0.025536904 0.738922000 5.019276619 -0.086398281 0.995274246 0.044330593 0.776166737 -0.734299123 -0.093689375 0.672330022 7.911170483
0.669695020 0.008186644 0.742592454 5.149307251 -0.083875082 0.994374335 0.064679787 0.781571329 -0.737887263 -0.105600245 0.666612566 8.024598122
0.692822993 -0.001791734 0.721106887 5.239466667 -0.067109652 0.995496154 0.066951469 0.783846617 -0.717980921 -0.094778344 0.689580739 8.095254898
0.688470006 -0.018511698 0.725029469 5.319481850 -0.035354648 0.997628450 0.059044279 0.785825312 -0.724405468 -0.066282973 0.686181486 8.164606094
0.665312290 -0.009937374 0.746500313 5.405627251 -0.038456455 0.998127639 0.047561232 0.777692378 -0.745577574 -0.060350820 0.663682699 8.224240303
0.648780644 -0.006714767 0.760947049 5.446556091 -0.046446968 0.997747183 0.048405252 0.774167061 -0.759559929 -0.066748179 0.647005439 8.255274773
0.647169173 -0.011151553 0.762265921 5.485557079 -0.039437763 0.998064339 0.048084207 0.769482732 -0.761328876 -0.061180662 0.645475090 8.287477493
0.666176796 -0.001318102 0.745794058 5.520268440 -0.042902891 0.998274386 0.040087380 0.762795031 -0.744562328 -0.058702029 0.664969265 8.316883087
0.671388209 0.013528871 0.740983009 5.603878975 -0.055301264 0.997959077 0.031886529 0.751633644 -0.739041865 -0.062385324 0.670764744 8.376411438
0.651455402 0.045803063 0.757303715 5.718729019 -0.065334782 0.997853577 -0.004148848 0.737520337 -0.755870700 -0.046775278 0.653048277 8.456145287
0.643301487 0.036325119 0.764751315 5.802863121 -0.031396974 0.999285400 -0.021054249 0.732475996 -0.764972150 -0.010466535 0.643979847 8.516943932
0.630377352 0.059758335 0.773985803 5.881154060 -0.071938902 0.997239113 -0.018403992 0.730089426 -0.772951424 -0.044078164 0.632933736 8.581738472
0.668795466 0.067754425 0.740353107 5.920184612 -0.057246622 0.997575164 -0.039580457 0.730247140 -0.741242588 -0.015911365 0.671050191 8.614723206
0.653364837 0.075724386 0.753247559 6.007876396 -0.062210530 0.996990979 -0.046266619 0.728982091 -0.754484892 -0.016630821 0.656107724 8.674526215
0.669156790 0.068343066 0.739972889 6.098038673 -0.041316610 0.997644126 -0.054778457 0.727683246 -0.741974115 0.006082388 0.670402169 8.740924835
0.659798384 0.070390895 0.748138487 6.186059952 -0.043693803 0.997512877 -0.055319183 0.726290762 -0.750172257 0.003810579 0.661231577 8.803108215
0.652313054 0.061752751 0.755429924 6.277101040 -0.038063031 0.998087466 -0.048720941 0.728723407 -0.756994247 0.003027548 0.653414547 8.868321419
0.659142137 0.071649820 0.748597443 6.320819855 -0.052792784 0.997404397 -0.048979167 0.727616668 -0.750163913 -0.007236275 0.661212444 8.900527954
0.665879548 0.070505381 0.742721021 6.409819126 -0.055718601 0.997444153 -0.044731475 0.723802209 -0.743977964 -0.011597476 0.668104768 8.950359344
0.645457745 0.087210573 0.758801579 6.504182339 -0.072392203 0.995973349 -0.052889787 0.713959932 -0.760359883 -0.020793032 0.649170458 9.005024910
0.630942047 0.087864548 0.770839453 6.553737640 -0.074856922 0.995825469 -0.052237988 0.709632874 -0.772212565 -0.024743488 0.634883702 9.031664848
0.602876544 0.072901003 0.794496834 6.645455837 -0.070549689 0.996787548 -0.037928015 0.702640057 -0.794710875 -0.033185430 0.606082439 9.075867653
0.633654296 0.059441812 0.771329403 6.741590500 -0.029202629 0.998171687 -0.052932538 0.692056894 -0.773066759 0.011016306 0.634231031 9.134681702
0.607808709 0.054459061 0.792214453 6.840908527 -0.017653899 0.998325229 -0.055082686 0.687776387 -0.793889165 0.019494172 0.607751966 9.182543755
0.614636064 0.047122445 0.787402868 6.888247490 -0.000024861 0.998214841 -0.059718657 0.683578432 -0.788812995 0.036685873 0.613539338 9.213050842
0.607901335 0.053516798 0.792207658 6.982609272 0.000100065 0.997720420 -0.067476213 0.674275935 -0.794014573 0.041098125 0.606509686 9.274202347
0.601608455 0.065266430 0.796120405 7.074474335 -0.016357427 0.997455239 -0.069410339 0.665015697 -0.798626304 0.028735485 0.601143122 9.330690384
0.603742421 0.078242660 0.793330491 7.217426300 -0.044656776 0.996929467 -0.064337283 0.653802752 -0.795930147 0.003415568 0.605381131 9.426727295
0.612798572 0.089134037 0.785196543 7.314167023 -0.062412154 0.995974302 -0.064351574 0.650261641 -0.787772715 -0.009571102 0.615892708 9.485868454
0.599977493 0.065661751 0.797318161 7.420456409 -0.041220203 0.997839987 -0.051156897 0.647784710 -0.798956394 -0.002172513 0.601386130 9.546831131
0.598070145 0.066562757 0.798675239 7.514743805 -0.051535916 0.997675836 -0.044555776 0.640848160 -0.799787998 -0.014512778 0.600109577 9.604635239
0.620727003 0.072418004 0.780675471 7.564975262 -0.051680852 0.997337937 -0.051423766 0.639593601 -0.782324433 -0.008425578 0.622816622 9.637499809
0.620806456 0.067142628 0.781083703 7.667095184 -0.038737800 0.997735023 -0.054976955 0.639239490 -0.783009052 0.003872759 0.622000456 9.703139305
0.637110293 0.074903280 0.767125368 7.759750366 -0.038426872 0.997116804 -0.065445051 0.633112550 -0.769816041 0.012217657 0.638150096 9.760876656
0.645797491 0.060736045 0.761090159 7.903477669 -0.039939381 0.998154223 -0.045764200 0.634423852 -0.762465298 -0.000843025 0.647029519 9.864212036
0.678335726 0.073881663 0.731028199 8.004788399 -0.062267039 0.997132123 -0.042996027 0.635693550 -0.732110739 -0.016352942 0.680989861 9.922851562
0.699641407 0.086282410 0.709265590 8.100029945 -0.070033394 0.996182442 -0.052102245 0.631349146 -0.711055875 -0.013219252 0.703012049 9.983540535
0.693508923 0.099956773 0.713480294 8.148398399 -0.087275423 0.994690537 -0.054520465 0.629470646 -0.715144098 -0.024458878 0.698549569 10.013675690
0.694908559 0.078999333 0.714745700 8.255732536 -0.062900774 0.996815681 -0.049019922 0.626097500 -0.716343582 -0.010893401 0.697663844 10.072642326
0.676029801 0.073316395 0.733218133 8.310308456 -0.080225952 0.996446550 -0.025668098 0.622595668 -0.732495904 -0.041470412 0.679508090 10.103271484
0.671558142 0.065119796 0.738084912 8.363358498 -0.075257130 0.996974170 -0.019486388 0.618274212 -0.737121940 -0.042459659 0.674425662 10.136688232
0.668470681 0.063722536 0.741004527 8.466162682 -0.087500133 0.996142685 -0.006727169 0.614269435 -0.738575459 -0.060340729 0.671466112 10.197684288
0.673001885 0.049680125 0.737971365 8.516949654 -0.070726804 0.997492909 -0.002650613 0.612372696 -0.736253440 -0.050410066 0.674826503 10.232954979
0.683073699 0.057438590 0.728088140 8.618494034 -0.081802763 0.996647656 -0.001879365 0.606461883 -0.725756049 -0.058275577 0.685480535 10.299400330
0.675439835 0.041610256 0.736239851 8.719003677 -0.076658726 0.996960223 0.013983601 0.606267989 -0.733421504 -0.065883875 0.676575899 10.361953735
0.699397802 0.047302768 0.713165164 8.817059517 -0.082063936 0.996524334 0.014382876 0.601436079 -0.710007548 -0.068584278 0.700847983 10.430584908
0.702937961 0.055928886 0.709048390 8.866748810 -0.091813676 0.995698810 0.012483538 0.596448779 -0.705302000 -0.073875144 0.705048919 10.462087631
0.710287094 0.068983696 0.700523973 8.969287872 -0.099722847 0.995010614 0.003130391 0.590023577 -0.696814835 -0.072081245 0.713620782 10.518563271
0.694502950 0.063967839 0.716640770 9.071253777 -0.094210699 0.995549440 0.002437731 0.587643564 -0.713297546 -0.069207907 0.697436988 10.571973801
0.719589591 0.052182462 0.692437768 9.218988419 -0.076803736 0.997036040 0.004679128 0.579785109 -0.690142155 -0.056548368 0.721461773 10.662015915
0.706381917 0.041322894 0.706625283 9.324077606 -0.074095041 0.997127771 0.015759069 0.575069964 -0.703944862 -0.063489147 0.707412004 10.719201088
0.708031118 0.046766825 0.704632699 9.416723251 -0.069942392 0.997543454 0.004072916 0.560749412 -0.702711999 -0.052167077 0.709559917 10.773426056
0.698047757 0.036866229 0.715102792 9.477163315 -0.058136344 0.998294115 0.005283536 0.562670231 -0.713690102 -0.045261297 0.698998690 10.801945686
0.646532953 0.021968810 0.762570798 9.577988625 -0.076547146 0.996408284 0.036193468 0.558070242 -0.759038568 -0.081772633 0.645890892 10.856767654
0.670589328 0.018104061 0.741609275 9.628710747 -0.064304359 0.997357488 0.033798523 0.554918468 -0.739039123 -0.070353240 0.669979572 10.884509087
0.697282255 0.030537926 0.716146350 9.677054405 -0.067488991 0.997451365 0.023178371 0.551085472 -0.713615060 -0.064493418 0.697564065 10.916325569
0.692837834 0.034712385 0.720257878 9.778286934 -0.063108847 0.997927666 0.012612053 0.543417990 -0.718329012 -0.054192413 0.693590820 10.964725494
0.693711460 0.050467141 0.718483210 9.827973366 -0.076917954 0.997029245 0.004233632 0.538487136 -0.716136634 -0.058200907 0.695530534 10.990737915
0.683475256 0.041634738 0.728786469 9.926652908 -0.071369417 0.997399986 0.009952278 0.531062365 -0.726479232 -0.058814719 0.684668660 11.039192200
0.693078458 0.031853110 0.720159411 10.032850266 -0.074551702 0.996833026 0.027657799 0.526951790 -0.716999590 -0.072857656 0.693257451 11.095464706
0.718949795 0.022538625 0.694697559 10.140794754 -0.056729466 0.998041630 0.026330175 0.529187024 -0.692746103 -0.058339316 0.718820155 11.146029472
0.708222747 0.015606448 0.705817461 10.187999725 -0.055092130 0.997928023 0.033214301 0.525746703 -0.703838348 -0.062408086 0.707613766 11.166459084
0.702012002 0.024954868 0.711728394 10.295669556 -0.051761150 0.998529971 0.016043417 0.521225393 -0.710283518 -0.048102591 0.702270567 11.211664200
0.673331201 0.018323738 0.739114583 10.404185295 -0.033200499 0.999432981 0.005467981 0.514912248 -0.738597035 -0.028220704 0.673556745 11.241161346
0.629633904 0.026259387 0.776449084 10.572346687 -0.062831394 0.997875273 0.017202780 0.505863428 -0.774349034 -0.059616804 0.629944682 11.296540260
0.570745409 -0.033997908 0.820424139 11.263391495 -0.001694767 0.999092638 0.042580679 0.481601477 -0.821128070 -0.025693204 0.570167780 11.524289131
0.557404757 -0.052217882 0.828598320 11.374778748 0.027811062 0.998635292 0.044224545 0.478702575 -0.829777539 -0.001606878 0.558094323 11.565879822
0.557224751 -0.044566311 0.829166114 11.473760605 0.007732308 0.998794854 0.048487112 0.473369867 -0.830328584 -0.020606834 0.556895494 11.615883827
0.621856809 -0.042773765 0.781962335 11.577995300 0.030802896 0.999070704 0.030153701 0.470167786 -0.782526910 0.005335253 0.622594953 11.664690971
0.649965584 -0.043775205 0.758702457 11.623936653 0.038737029 0.998950422 0.024451623 0.466592610 -0.758977711 0.013496915 0.650977492 11.692728043
0.679479539 -0.027998798 0.733160496 11.668501854 0.020161567 0.999607086 0.019489069 0.461475313 -0.733419538 0.001539146 0.679775655 11.719572067
0.687191248 -0.014489386 0.726332605 11.709098816 0.001791672 0.999832034 0.018250365 0.459388554 -0.726476431 -0.011240338 0.687100172 11.745714188
0.721026480 -0.048286170 0.691223025 11.807337761 0.039275654 0.998812973 0.028804285 0.458108276 -0.691795588 0.006379469 0.722066104 11.806807518
0.769132137 -0.056613095 0.636577666 11.892259598 0.044688664 0.998394608 0.034796752 0.455616951 -0.637527883 0.001684325 0.770426333 11.876652718
0.794786692 -0.064950541 0.603403747 11.930933952 0.056891400 0.997852087 0.032473493 0.455006659 -0.604218960 0.008518744 0.796773791 11.913417816
0.818917692 -0.078769378 0.568481505 12.006479263 0.071936764 0.996813238 0.034492325 0.451478958 -0.569388211 0.012648272 0.821973026 11.990238190
0.854886234 -0.067890413 0.514356554 12.075054169 0.068101719 0.997508049 0.018474072 0.443644643 -0.514330387 0.019235164 0.857377827 12.069573402
0.875910401 -0.077322699 0.476239622 12.126524925 0.077525362 0.996805131 0.019256240 0.432563066 -0.476208478 0.020053830 0.879105031 12.154735565
0.880937457 -0.060901769 0.469302744 12.168989182 0.053695947 0.998143435 0.028737409 0.427736193 -0.470182121 -0.000116515 0.882569075 12.205707550
0.925414920 -0.061899476 0.373872310 12.222763062 0.062853776 0.997975826 0.009652592 0.420220613 -0.373713881 0.014566313 0.927429497 12.297853470
0.951660752 -0.043810245 0.304014385 12.269680023 0.044964723 0.998983920 0.003207359 0.408802330 -0.303846717 0.010617301 0.952661216 12.393935204
0.969719470 -0.023304962 0.243112087 12.340517998 0.027057689 0.999561012 -0.012106810 0.404651165 -0.242724001 0.018317971 0.969921827 12.536884308
0.977160275 -0.023971161 0.211155817 12.384366989 0.022580011 0.999704003 0.008999451 0.403158486 -0.211309552 -0.004026224 0.977409899 12.646134377
0.989397705 -0.035298612 0.140887707 12.425993919 0.034136221 0.999359906 0.010661518 0.403752446 -0.141174480 -0.005739450 0.989967167 12.757651329
0.992331028 -0.042641718 0.116036862 12.458614349 0.041882608 0.999081731 0.008977093 0.405959576 -0.116313927 -0.004048503 0.993203223 12.865082741
0.993832588 -0.045755714 0.101027526 12.478241920 0.046100892 0.998936534 -0.001082967 0.402536958 -0.100871310 0.005733139 0.994882703 12.917827606
0.994725823 -0.042015508 0.093587227 12.515625000 0.042376064 0.999100387 -0.001866553 0.400493175 -0.093425296 0.005822085 0.995608985 13.023637772
0.992484093 -0.055155706 0.109253734 12.547098160 0.054974847 0.998477101 0.004669655 0.399186492 -0.109345742 0.001371076 0.994002581 13.130416870
0.995300829 -0.054120407 0.080311097 12.564090729 0.054219354 0.998529136 0.000953322 0.398117900 -0.080245070 0.003405640 0.996768296 13.185709953
0.998717666 -0.042724498 0.027208485 12.590953827 0.042807315 0.999080777 -0.002453441 0.387232125 -0.027079403 0.003615082 0.999625742 13.297616005
0.998200536 -0.054035578 -0.026032606 12.613842964 0.053631846 0.998432755 -0.015977327 0.378317118 0.026854604 0.014552525 0.999533117 13.407027245
0.997501075 -0.064459451 -0.028959263 12.639863968 0.064236760 0.997897744 -0.008571564 0.371977717 0.029450515 0.006690080 0.999543607 13.522789001
0.997152209 -0.067243315 -0.034175981 12.651433945 0.067389719 0.997721732 0.003143113 0.370138675 0.033886161 -0.005437042 0.999410689 13.581552505
0.997148097 -0.068907961 -0.030815795 12.665700912 0.069377080 0.997485578 0.014405625 0.366180658 0.029745109 -0.016502228 0.999421179 13.692623138
0.996573329 -0.079958320 -0.021228693 12.678559303 0.080568038 0.996308625 0.029599532 0.361129135 0.018783050 -0.031208431 0.999336362 13.810000420
0.994058907 -0.095167734 -0.052870978 12.686949730 0.096217573 0.995202541 0.017665120 0.354139686 0.050935596 -0.022647006 0.998444319 13.984852791
0.997881055 -0.064625233 -0.007878672 12.685296059 0.064988784 0.995990336 0.061464552 0.355325878 0.003874507 -0.061845876 0.998077333 14.105303764
0.993338883 -0.067117579 -0.093696222 12.673352242 0.072807178 0.995617330 0.058678962 0.358275831 0.089346483 -0.065109454 0.993869305 14.228606224
0.986454904 -0.057987869 -0.153451875 12.664714813 0.068110257 0.995777965 0.061546322 0.358139873 0.149234876 -0.071163826 0.986236513 14.336889267
0.981152654 -0.051536631 -0.186244115 12.658143997 0.062093459 0.996751845 0.051296964 0.355900586 0.182995200 -0.061894342 0.981162608 14.396680832
0.981000245 -0.034998469 -0.190832689 12.643423080 0.046413910 0.997369707 0.055679180 0.358931363 0.188381642 -0.063478202 0.980041146 14.449759483
0.981830537 -0.016391998 -0.189054742 12.633841515 0.030808641 0.996813536 0.073570579 0.356370091 0.187245935 -0.078057803 0.979205728 14.622196198
0.965691864 -0.034650117 -0.257371694 12.618410110 0.050831627 0.997108102 0.056485355 0.353512704 0.254669785 -0.067629687 0.964659154 14.737123489
0.964726627 -0.039184444 -0.260324746 12.613294601 0.054773718 0.997096062 0.052899327 0.352556825 0.257495493 -0.065292023 0.964070022 14.792440414
