0.999885201 0.008438940 -0.012601192 0.115867555 -0.008508054 0.999949098 -0.005442291 0.013161595 0.012554556 0.005548951 0.999905586 -0.106137231
0.999883533 0.008533584 -0.012667354 0.116069190 -0.008610833 0.999944687 -0.006057156 0.013276287 0.012614906 0.006165596 0.999901235 -0.106442325
0.999884367 0.008778521 -0.012436279 0.115146324 -0.008861269 0.999938905 -0.006615263 0.012629168 0.012377391 0.006724768 0.999900579 -0.104692653
0.999885380 0.008615086 -0.012472342 0.115587443 -0.008699351 0.999939740 -0.006718568 0.013202910 0.012413650 0.006826367 0.999899447 -0.106069140
0.999883950 0.008651629 -0.012558692 0.115590826 -0.008732691 0.999941468 -0.006414350 0.012055018 0.012502417 0.006523345 0.999900401 -0.105924591
0.999886394 0.008545910 -0.012432156 0.115355968 -0.008624899 0.999943078 -0.006314168 0.012136980 0.012377442 0.006420745 0.999902606 -0.105443671
0.999885201 0.008666513 -0.012450776 0.115299970 -0.008746779 0.999941409 -0.006406853 0.011653485 0.012394476 0.006515088 0.999901831 -0.104823127
0.999886572 0.008456049 -0.012484176 0.115188375 -0.008537630 0.999942660 -0.006496075 0.012125269 0.012428483 0.006601992 0.999900818 -0.105250567
0.999887884 0.008334246 -0.012471441 0.115225449 -0.008418381 0.999942183 -0.006709769 0.013230543 0.012414745 0.006814070 0.999899447 -0.105559811
0.999889493 0.008033519 -0.012542433 0.115095302 -0.008117540 0.999945045 -0.006663246 0.013387487 0.012488159 0.006764387 0.999898911 -0.105193801
0.999893606 0.007691258 -0.012429233 0.114779651 -0.007774375 0.999947727 -0.006653467 0.013872663 0.012377356 0.006749452 0.999900401 -0.105824947
0.999888301 0.008214599 -0.012504874 0.115171455 -0.008294269 0.999945641 -0.006333742 0.012111304 0.012452116 0.006436817 0.999901474 -0.105726443
0.999888241 0.008353236 -0.012415572 0.114707716 -0.008429337 0.999946058 -0.006091007 0.011786742 0.012363974 0.006195045 0.999904156 -0.104657352
0.999889255 0.008167289 -0.012454375 0.114998005 -0.008241241 0.999948740 -0.005899246 0.012179550 0.012405504 0.006001296 0.999904811 -0.105424471
0.999888837 0.008286583 -0.012425190 0.115510270 -0.008366059 0.999944925 -0.006358687 0.013776447 0.012371760 0.006461995 0.999902308 -0.106137373
0.999886274 0.008424878 -0.012518866 0.115510620 -0.008492831 0.999949574 -0.005385846 0.012991204 0.012472805 0.005491629 0.999906898 -0.105847530
0.999882042 0.008905374 -0.012523610 0.115792625 -0.008980337 0.999942183 -0.005943242 0.012874100 0.012469903 0.006055082 0.999903738 -0.105149180
0.999884367 0.008758955 -0.012446913 0.115340389 -0.008823580 0.999948025 -0.005147605 0.012419056 0.012401124 0.005256911 0.999909043 -0.105048314
0.999884188 0.008666550 -0.012515233 0.115629353 -0.008738208 0.999945760 -0.005683385 0.012858232 0.012465244 0.005792163 0.999905288 -0.105303317
0.999886394 0.008484975 -0.012477759 0.115630947 -0.008553475 0.999948621 -0.005447328 0.012951600 0.012430844 0.005553510 0.999907136 -0.106003821
0.999887824 0.008334765 -0.012466821 0.115205437 -0.008408349 0.999947488 -0.005862217 0.012235439 0.012417252 0.005966458 0.999904931 -0.105246671
0.999889255 0.008259753 -0.012413531 0.115212075 -0.008334106 0.999947727 -0.005950663 0.013373028 0.012363675 0.006053524 0.999905050 -0.106564708
0.999887943 0.008415141 -0.012411544 0.115398169 -0.008490471 0.999945879 -0.006029819 0.013537887 0.012360075 0.006134587 0.999904573 -0.106470808
0.999886870 0.008493355 -0.012435742 0.115469925 -0.008572739 0.999943018 -0.006344810 0.012611105 0.012381095 0.006450776 0.999902368 -0.106110364
0.999889493 0.008240885 -0.012398610 0.115212031 -0.008314311 0.999948084 -0.005882942 0.012677560 0.012349437 0.005985453 0.999905646 -0.105958678
0.999887884 0.008379293 -0.012443279 0.115585580 -0.008453857 0.999946654 -0.005952568 0.013335431 0.012392681 0.006057157 0.999904692 -0.106719725
0.999887764 0.008390388 -0.012432134 0.115095638 -0.008467752 0.999945223 -0.006184608 0.011695927 0.012379512 0.006289250 0.999903321 -0.105307616
0.999885738 0.008598859 -0.012456791 0.115199722 -0.008679845 0.999941409 -0.006462674 0.012628445 0.012400439 0.006570133 0.999901354 -0.104978934
0.999886394 0.008557257 -0.012430072 0.115200937 -0.008636687 0.999942482 -0.006351281 0.012784091 0.012374957 0.006457990 0.999902368 -0.105924621
0.999886632 0.008483082 -0.012458622 0.115397409 -0.008563776 0.999942601 -0.006438050 0.012812387 0.012403240 0.006544087 0.999901533 -0.105928607
0.999888361 0.008393747 -0.012378580 0.115114234 -0.008475508 0.999942482 -0.006567558 0.012487383 0.012322690 0.006671813 0.999901712 -0.106117770
0.999883890 0.008764705 -0.012483186 0.115318745 -0.008847916 0.999938905 -0.006626489 0.012936599 0.012424292 0.006736244 0.999899983 -0.105992630
0.999885082 0.008687508 -0.012440803 0.115075149 -0.008766036 0.999942064 -0.006272756 0.011032074 0.012385539 0.006381156 0.999902606 -0.104694337
0.999886274 0.008512191 -0.012469317 0.115271628 -0.008594122 0.999941707 -0.006532244 0.012787493 0.012412940 0.006638743 0.999900699 -0.105844073
0.999888301 0.008412507 -0.012375413 0.115039431 -0.008494083 0.999942482 -0.006554494 0.012268062 0.012319515 0.006658959 0.999901712 -0.105158195
0.999890029 0.008278166 -0.012325806 0.114655875 -0.008359092 0.999943793 -0.006529069 0.012630491 0.012271018 0.006631462 0.999902487 -0.105559349
0.999881804 0.008793792 -0.012628067 0.115821198 -0.008875996 0.999939799 -0.006469522 0.011456737 0.012570367 0.006580908 0.999899089 -0.105043538
0.999885499 0.008645523 -0.012433015 0.115354821 -0.008726876 0.999940932 -0.006505534 0.011678752 0.012375984 0.006613363 0.999901354 -0.105311513
0.999889076 0.008224900 -0.012435076 0.115242220 -0.008305108 0.999945104 -0.006413815 0.012508879 0.012381589 0.006516450 0.999901950 -0.105873473
0.999886334 0.008430677 -0.012521637 0.115796506 -0.008519243 0.999938786 -0.007037679 0.014463902 0.012461465 0.007143619 0.999896526 -0.105968930
0.999887288 0.008297753 -0.012550590 0.115692288 -0.008388686 0.999939084 -0.007208598 0.015315117 0.012489900 0.007313105 0.999894857 -0.106421657
0.999885738 0.008331124 -0.012645928 0.115749076 -0.008417433 0.999941409 -0.006783500 0.014281438 0.012588550 0.006889210 0.999896884 -0.106347427
0.999885261 0.008484470 -0.012566432 0.115526550 -0.008567746 0.999941826 -0.006584486 0.013392457 0.012509683 0.006691404 0.999898791 -0.106059931
0.999885201 0.008351387 -0.012662192 0.115359567 -0.008435904 0.999942839 -0.006625484 0.012987592 0.012605675 0.006731444 0.999897838 -0.104994871
1.000000358 0.000000025 -0.000000047 0.000000037 0.000000025 1.000000477 0.000000075 0.000000001 -0.000000047 0.000000075 0.999999821 0.000000022
0.999975264 0.000189694 0.007079930 -0.000308287 -0.000186253 1.000000358 -0.000480029 0.000960406 -0.007080100 0.000478845 0.999974668 -0.000057606
0.999761581 0.000424477 0.021847438 0.001015008 -0.000400011 0.999999762 -0.001122075 0.000072515 -0.021847973 0.001113214 0.999760509 0.003178013
0.999756396 0.000494637 0.022082860 0.000439581 -0.000473264 0.999999881 -0.000970905 -0.000132332 -0.022083400 0.000960362 0.999755502 0.001563474
0.999757648 0.000524439 0.022046240 0.000828669 -0.000502814 1.000000358 -0.000982519 -0.001411757 -0.022046877 0.000971481 0.999756038 0.004756293
0.999662638 0.000490919 0.026001083 0.000925416 -0.000467250 1.000000477 -0.000913042 -0.001395265 -0.026001653 0.000900870 0.999661088 0.004902701
0.999626994 0.001167267 0.027315974 0.001041701 -0.001149536 1.000000119 -0.000661641 -0.001332021 -0.027316855 0.000630279 0.999626279 0.004598963
0.999532282 0.001066610 0.030589461 0.000725788 -0.001043957 1.000000000 -0.000753696 -0.000972830 -0.030590367 0.000721695 0.999531388 0.004436874
0.999365509 0.000899601 0.035629526 0.000254541 -0.000873241 1.000000238 -0.000752956 -0.002827768 -0.035630301 0.000721651 0.999364436 0.008632733
0.999257028 0.000533644 0.038580075 0.000422992 -0.000490252 1.000000715 -0.001129199 -0.000589847 -0.038581051 0.001109891 0.999253631 0.005089107
0.999201596 0.000581424 0.039988019 0.000602296 -0.000551909 1.000001073 -0.000744342 0.000068221 -0.039988842 0.000722124 0.999198675 0.003677147
0.999180675 0.000612461 0.040509302 0.001462293 -0.000594240 1.000001192 -0.000457084 0.000507547 -0.040509973 0.000433085 0.999177814 0.002782774
0.998975754 0.001259948 0.045266274 0.001372143 -0.001228587 1.000000477 -0.000716361 -0.000272852 -0.045267515 0.000660460 0.998973489 0.004455532
0.998537123 0.000374176 0.054121993 0.001026136 -0.000332076 1.000002146 -0.000779789 -0.002373609 -0.054123167 0.000761349 0.998530746 0.008232230
0.996976972 0.000213912 0.077735439 0.000691788 -0.000172521 1.000002265 -0.000534255 -0.002054162 -0.077736303 0.000519904 0.996970594 0.009410652
0.996401787 0.000252101 0.084774055 0.000793822 -0.000160846 1.000000954 -0.001081017 -0.001353326 -0.084774554 0.001063937 0.996398449 0.010384664
0.994927406 0.000019972 0.100611955 0.002165082 0.000130933 1.000000358 -0.001491360 -0.002473845 -0.100612104 0.001497411 0.994923413 0.013077668
0.994886935 0.000672873 0.101020962 0.002160239 -0.000548609 1.000001311 -0.001254406 -0.002782475 -0.101022489 0.001193214 0.994881094 0.011185292
0.994586885 0.000822500 0.103932783 0.003582303 -0.001000957 1.000000358 0.001668261 -0.001915664 -0.103931971 -0.001762598 0.994580507 0.008442253
0.994038165 -0.000247024 0.109058991 0.006064987 -0.001218918 0.999912024 0.013378105 0.003277247 -0.109053180 -0.013430528 0.993942857 0.005695111
0.993806601 -0.000608514 0.111147918 0.005309978 -0.000773912 0.999925077 0.012397313 0.000956334 -0.111147590 -0.012405804 0.993724167 0.008586268
0.992810488 -0.000266656 0.119721584 0.002447808 -0.000630613 0.999974847 0.007460215 -0.001050610 -0.119720832 -0.007481338 0.992777646 0.011399539
0.991783261 0.000568520 0.127951264 0.003843243 -0.000729146 1.000001907 0.001211811 0.000901421 -0.127951026 -0.001294459 0.991777956 0.010583113
0.991060793 0.000428820 0.133432820 0.002086187 -0.000689855 1.000000834 0.001913226 -0.000299081 -0.133432269 -0.001987477 0.991054177 0.011785745
0.990378618 0.001380772 0.138397917 0.001024301 -0.002059837 0.999988794 0.004766050 -0.002607065 -0.138390049 -0.005004584 0.990362763 0.018807072
0.988970816 -0.000112514 0.148131013 0.001507930 -0.000717416 0.999987245 0.005552077 0.000179631 -0.148129806 -0.005596390 0.988950312 0.012297045
0.988194287 0.000133552 0.153233260 0.000311455 -0.002118725 0.999920011 0.012796319 0.000792935 -0.153219745 -0.012968876 0.988105476 0.020363599
0.991502941 0.001203724 0.130111665 -0.004369272 -0.000629309 0.999994099 -0.004450820 0.001607019 -0.130116895 0.004331979 0.991487741 0.026179433
0.992777169 0.001857927 0.119983800 -0.006642123 0.000124916 0.999866545 -0.016512839 -0.000345905 -0.119998723 0.016409110 0.992636681 0.024962390
0.994524002 0.004599980 0.104436174 -0.012234877 -0.000565767 0.999256551 -0.038621403 -0.001131642 -0.104536600 0.038351208 0.993779480 0.029369334
0.995386481 0.006701730 0.095729798 -0.017462244 -0.002147550 0.998865128 -0.047595713 0.002075273 -0.095940560 0.047170706 0.994267702 0.033114646
0.997155190 0.000611026 0.075395651 -0.024262484 0.003299169 0.998656750 -0.051724929 0.002259831 -0.075326473 0.051826689 0.995810211 0.039888803
0.999027610 -0.002007227 0.044082139 -0.037590250 0.004645334 0.998199105 -0.059821282 0.003545421 -0.043883264 0.059968036 0.997234225 0.053778168
0.999807596 -0.000086781 0.019701734 -0.055219397 0.001138023 0.998576224 -0.053345297 0.005830839 -0.019669726 0.053357609 0.998380780 0.072850429
0.999565125 0.016285582 -0.024651241 -0.085086375 -0.017227143 0.999110520 -0.038479760 0.012975864 0.024002399 0.038887981 0.998954713 0.104499392
0.999119878 0.025290560 -0.033514325 -0.113858670 -0.026267221 0.999233127 -0.029031314 0.017298631 0.032754131 0.029886391 0.999015987 0.127102032
0.998097599 0.023676628 -0.056956567 -0.141954526 -0.024788121 0.999514043 -0.018889114 0.021040324 0.056481343 0.020265348 0.998197496 0.150901139
0.998604417 0.009349167 -0.052042849 -0.170207202 -0.009647503 0.999938428 -0.005487051 0.027044805 0.051987760 0.005982149 0.998628736 0.177368030
0.998369932 -0.007649763 -0.056618463 -0.189586386 0.007004993 0.999908507 -0.011579324 0.028793929 0.056701265 0.011164493 0.998327732 0.191428140
0.998168945 -0.010953452 -0.059554726 -0.227206886 0.010428335 0.999903560 -0.009124659 0.032527734 0.059648085 0.008487896 0.998181641 0.218080625
0.999382615 -0.011050889 -0.033472992 -0.267165929 0.011162969 0.999932408 0.003155186 0.033138763 0.033435103 -0.003525667 0.999433041 0.245718732
0.999573886 0.020714907 -0.020800998 -0.308345973 -0.020486031 0.999728262 0.011136802 0.034875698 0.021025307 -0.010704672 0.999720097 0.279719591
0.999119997 0.023266066 -0.035038009 -0.332275182 -0.023299543 0.999728620 -0.000562684 0.034624148 0.035014492 0.001379727 0.999384403 0.298577636
0.998062849 0.025666451 -0.056782316 -0.354965866 -0.026447689 0.999565065 -0.013060944 0.034241471 0.056420978 0.014538809 0.998299479 0.318876058
0.995910227 0.044588104 -0.078657828 -0.378709972 -0.046282049 0.998731494 -0.019853437 0.031959176 0.077671230 0.023413885 0.996702433 0.338480771
0.986831248 0.089939624 -0.134483397 -0.419873148 -0.093026601 0.995520651 -0.016840391 0.022862397 0.132364988 0.029130103 0.990771294 0.380033553
0.977462947 0.099526472 -0.186202928 -0.454624772 -0.103501990 0.994559407 -0.011730032 0.016379118 0.184020966 0.030738877 0.982439816 0.416032165
0.976003230 0.096750617 -0.195125729 -0.468294919 -0.100613147 0.994874954 -0.009960667 0.012591502 0.193159848 0.029355211 0.980725467 0.437293828
0.976186216 0.099374115 -0.192878425 -0.489933372 -0.102480039 0.994715273 -0.006169636 0.002087058 0.191243932 0.025790248 0.981201231 0.476257980
0.979523897 0.102788925 -0.173159733 -0.506713033 -0.107322849 0.994078159 -0.017005995 -0.011221380 0.170384303 0.035243083 0.984744847 0.523066401
0.987025917 0.094925687 -0.129561752 -0.518709302 -0.099586815 0.994576573 -0.029974025 -0.027815610 0.126012325 0.042488843 0.991115808 0.575755477
0.990105987 0.070431873 -0.121436313 -0.525039136 -0.075352855 0.996490955 -0.036416218 -0.036250286 0.118444093 0.045207500 0.991928399 0.603660166
0.993166327 0.039110720 -0.110037133 -0.539562345 -0.043548889 0.998319089 -0.038221709 -0.053315375 0.108356245 0.042753570 0.993189752 0.659002662
0.997416139 0.006351901 -0.071576312 -0.555750906 -0.007521592 0.999842942 -0.016088361 -0.068733096 0.071461894 0.016586071 0.997305036 0.720781207
0.996453822 0.011725983 -0.083335966 -0.567413568 -0.012345958 0.999900460 -0.006929710 -0.081650563 0.083245561 0.007934678 0.996497095 0.749199748
0.993156970 0.036218543 -0.111043140 -0.583631039 -0.038245678 0.999137878 -0.016181460 -0.103306368 0.110360473 0.020318314 0.993683457 0.804150820
0.994358361 0.032007404 -0.101141721 -0.603316486 -0.033056982 0.999416053 -0.008720236 -0.122983918 0.100802660 0.012015071 0.994833469 0.863124967
0.995520175 0.038669582 -0.086298585 -0.628537178 -0.039303668 0.999210894 -0.005657958 -0.142366961 0.086011551 0.009024212 0.996252179 0.936789930
0.996335924 0.030738568 -0.079830371 -0.640241981 -0.031147964 0.999506831 -0.003883607 -0.149924621 0.079671443 0.006355857 0.996799827 0.972959876
0.997727811 0.027736666 -0.061428726 -0.662504315 -0.028824000 0.999441445 -0.016882520 -0.159899592 0.060926050 0.018614538 0.997967660 1.041099548
0.996912479 0.000060992 -0.078545727 -0.693388939 -0.000973288 0.999931931 -0.011573566 -0.160938859 0.078539617 0.011614316 0.996841788 1.117528796
0.991768956 0.026549060 -0.125274032 -0.733254492 -0.026519185 0.999645948 0.001908053 -0.170775801 0.125280142 0.001429970 0.992118895 1.230865717
0.988173962 0.032814726 -0.149797067 -0.761057436 -0.030711759 0.999394894 0.016331224 -0.177725568 0.150242165 -0.011537162 0.988581657 1.315002203
0.987154305 0.038117778 -0.155168995 -0.780763328 -0.032993279 0.998826206 0.035468653 -0.188284844 0.156338543 -0.029892953 0.987250745 1.393871784
0.986509383 0.025132652 -0.161775663 -0.788286150 -0.018792689 0.998998880 0.040601537 -0.193357497 0.162633732 -0.037013244 0.985991657 1.432365656
0.987690747 0.031317402 -0.153264225 -0.799419761 -0.020848395 0.997368097 0.069443554 -0.203973338 0.155035526 -0.065392889 0.985741973 1.508839488
0.983281374 0.049484383 -0.175248936 -0.806322098 -0.038555041 0.997125566 0.065231070 -0.209628969 0.177973032 -0.057383314 0.982360840 1.590319157
0.974988937 0.054825678 -0.215392470 -0.816824675 -0.042131856 0.997118294 0.063092194 -0.213877141 0.218230620 -0.052438740 0.974487305 1.665809989
0.965267122 0.062837385 -0.253601462 -0.820071101 -0.049944185 0.997126400 0.056968573 -0.214633822 0.256452084 -0.042323537 0.965629816 1.697179317
0.955909133 0.103948548 -0.274659276 -0.824020624 -0.093328230 0.994303882 0.051493622 -0.221590668 0.278447360 -0.023588968 0.960162163 1.770418406
0.948544264 0.119626254 -0.293186963 -0.825989604 -0.116770774 0.992784917 0.027289672 -0.217327625 0.294335961 0.008350814 0.955665946 1.836743951
0.937594235 0.094310746 -0.334704876 -0.834475577 -0.095587686 0.995340824 0.012694654 -0.206836537 0.334342748 0.020091925 0.942237139 1.897117972
0.941891313 0.101630561 -0.320182502 -0.837187171 -0.104136817 0.994519651 0.009333002 -0.200538635 0.319376647 0.024552688 0.947309613 1.931566715
0.956398785 0.074004941 -0.282541215 -0.846230328 -0.077140607 0.997020841 0.000026308 -0.192090765 0.281701833 0.021770731 0.959254920 2.005808353
0.968072057 0.048655991 -0.245914206 -0.862188578 -0.058194552 0.997802496 -0.031666923 -0.192542374 0.243832693 0.044967391 0.968773305 2.084936857
0.964754522 0.025586998 -0.261913359 -0.892599106 -0.046120692 0.996297121 -0.072553702 -0.181212962 0.259086788 0.082076699 0.962359309 2.212458372
0.976851583 0.044361681 -0.209281892 -0.909256637 -0.059216451 0.996110260 -0.065250948 -0.176703811 0.205572844 0.076133132 0.975675762 2.311050653
0.978950143 0.037014551 -0.200729638 -0.925827086 -0.046230111 0.998071909 -0.041414961 -0.166447058 0.198809206 0.049822845 0.978770792 2.411675692
0.981303453 0.020949941 -0.191328555 -0.938348413 -0.025087770 0.999500811 -0.019227790 -0.157099754 0.190829396 0.023668194 0.981337667 2.513679743
0.981819510 0.028911939 -0.187607795 -0.946718097 -0.030068878 0.999542594 -0.003322301 -0.155671835 0.187425271 0.008903112 0.982238531 2.565846682
0.977103055 0.068400629 -0.201477394 -0.963624239 -0.068015359 0.997645378 0.008843809 -0.151228532 0.201607242 0.005062262 0.979453266 2.673295975
0.970471859 0.052189115 -0.235508755 -0.975518465 -0.047185872 0.998525500 0.026836265 -0.140221775 0.236561656 -0.014931278 0.971500397 2.781026602
0.972917795 0.083207615 -0.215665430 -0.980818272 -0.075266562 0.996156871 0.044791747 -0.137077838 0.218563437 -0.027346306 0.975438297 2.834585905
0.968093634 0.119338393 -0.220356554 -0.998273313 -0.106888913 0.991968691 0.067626715 -0.122559890 0.226657078 -0.041915316 0.973070920 2.935470819
0.971991479 0.125586778 -0.198657349 -1.009702086 -0.109801017 0.989994705 0.088618994 -0.110609084 0.207799062 -0.064323783 0.976053476 3.028691292
0.980698228 0.117661119 -0.156175673 -1.019634724 -0.105296046 0.990780413 0.085243136 -0.107288003 0.164765537 -0.067152813 0.984043419 3.122267962
0.981214941 0.108362399 -0.159621358 -1.023729324 -0.096991614 0.992270529 0.077403650 -0.106599182 0.166775048 -0.060467407 0.984138370 3.168223381
0.984282494 0.085844792 -0.154342473 -1.031040311 -0.077203460 0.995138288 0.061145745 -0.102621168 0.158840835 -0.048268620 0.986122608 3.267490625
0.980239034 0.076409414 -0.182473496 -1.046277642 -0.067655489 0.996260524 0.053735338 -0.089244962 0.185896426 -0.040327910 0.981740534 3.363652468
0.971476734 0.072204106 -0.225886837 -1.054509521 -0.062935278 0.996863663 0.047977321 -0.081505656 0.228642687 -0.032392226 0.972970247 3.448942423
0.970062494 0.080781877 -0.229037106 -1.059326172 -0.076089352 0.996671736 0.029260017 -0.077424176 0.230638698 -0.010956408 0.972976804 3.491995573
0.973507345 0.054973822 -0.221961096 -1.066733241 -0.052260831 0.998469889 0.018081272 -0.072845042 0.222615555 -0.006002111 0.974886715 3.574136019
0.981060147 0.053541411 -0.186161101 -1.076251984 -0.052178353 0.998562872 0.012217679 -0.072920114 0.186547458 -0.002271988 0.982443333 3.665141344
0.984889388 0.050858308 -0.165554807 -1.086574316 -0.049525678 0.998698413 0.012170509 -0.074433148 0.165958062 -0.003786828 0.986125469 3.762650490
0.980187297 0.054268815 -0.190498322 -1.093675733 -0.053750187 0.998522878 0.007892165 -0.076079451 0.190644830 0.002504068 0.981655896 3.813428164
0.971395373 0.067006424 -0.227828026 -1.106032014 -0.069579571 0.997572124 -0.003271737 -0.079283878 0.227055281 0.019030998 0.973695695 3.911633730
0.959514260 0.064715058 -0.274132669 -1.124501705 -0.062788777 0.997902632 0.015804823 -0.078562208 0.274579912 0.002048094 0.961561799 4.009390354
0.949268639 0.129582405 -0.286532074 -1.145997286 -0.126886830 0.991522193 0.028039467 -0.076681674 0.287736297 0.009740920 0.957659364 4.146809101
0.956655800 0.105740093 -0.271351963 -1.152672291 -0.103638873 0.994370699 0.022103982 -0.069907680 0.272161722 0.006977228 0.962225497 4.240916252
0.969543695 0.076584153 -0.232644707 -1.157657862 -0.074490808 0.997062325 0.017784311 -0.058795854 0.233323410 0.000088158 0.972398877 4.339396954
0.972055316 0.022001708 -0.233726904 -1.168303132 -0.018316278 0.999670863 0.017928451 -0.032316320 0.234044611 -0.013145489 0.972136438 4.489221096
0.967037976 0.046045724 -0.250439227 -1.175127625 -0.041317429 0.998855114 0.024106268 -0.028151266 0.251262307 -0.012964074 0.967832088 4.588648796
0.966765761 0.059933525 -0.248545006 -1.180886865 -0.055528093 0.998151481 0.024703510 -0.028169088 0.249565825 -0.010081176 0.968305171 4.679175377
0.971037149 0.047458723 -0.234173864 -1.184434175 -0.039336674 0.998455286 0.039234277 -0.029029995 0.235673904 -0.028886290 0.971402705 4.722877502
0.974999428 0.047512900 -0.217081457 -1.192406893 -0.036084998 0.997761309 0.056307882 -0.037016869 0.219271287 -0.047066562 0.974526942 4.815279961
0.976864219 0.054245073 -0.206880048 -1.194010019 -0.043482017 0.997471094 0.056224231 -0.040287495 0.209407300 -0.045927823 0.976748168 4.863317966
0.978143036 0.050222989 -0.201790646 -1.196257949 -0.039608970 0.997628212 0.056298293 -0.041316360 0.204139978 -0.047074802 0.977808058 4.912384987
0.970004976 0.029358203 -0.241313085 -1.204679728 -0.020199534 0.998982191 0.040338855 -0.036244169 0.242251605 -0.034254275 0.969608068 5.014165878
0.966682911 0.014162829 -0.255590647 -1.208332777 -0.002133888 0.998879790 0.047278546 -0.031614065 0.255973846 -0.045157760 0.965628088 5.063792229
0.954981804 0.016063180 -0.296234727 -1.219519615 0.004018824 0.997741461 0.067056052 -0.023779392 0.296642572 -0.065227598 0.952758074 5.160964966
0.952980220 0.043836512 -0.299851000 -1.222647905 -0.024772044 0.997439504 0.067088820 -0.018306971 0.302024096 -0.056506086 0.951623023 5.207485676
0.953641355 0.050729927 -0.296645314 -1.226260543 -0.030907555 0.996987760 0.071136139 -0.011498392 0.299360633 -0.058669422 0.952333689 5.254091740
0.957249105 0.037012096 -0.286893040 -1.233539343 -0.020391017 0.997947335 0.060706861 -0.000499427 0.288551271 -0.052261211 0.956036091 5.347294807
0.959437668 0.036090959 -0.279607624 -1.236855388 -0.024117919 0.998643696 0.046144322 0.003868997 0.280893922 -0.037528686 0.959003806 5.395297050
0.959586024 -0.008683371 -0.281288922 -1.244116902 0.019468982 0.999178946 0.035569891 0.012598351 0.280748695 -0.039608464 0.958963335 5.491726875
0.966141939 0.013325979 -0.257674128 -1.253137112 -0.001568429 0.998951614 0.045779880 0.021013170 0.258014053 -0.043825366 0.965146542 5.593972206
0.958600998 0.012656787 -0.284479290 -1.258475661 0.004260136 0.998262286 0.058767680 0.021301419 0.284728557 -0.057546195 0.956878424 5.693089008
0.961753190 0.026002621 -0.272688836 -1.258688331 -0.008679240 0.997876942 0.064542152 0.020688295 0.273788035 -0.059706233 0.959934175 5.745394707
0.968458593 0.030091865 -0.247359633 -1.261417985 -0.005295162 0.994942367 0.100304686 0.016361713 0.249126777 -0.095830590 0.963717043 5.846279621
0.961029828 0.020718664 -0.275674969 -1.270205021 0.005915639 0.995419323 0.095432751 0.011091709 0.276388496 -0.093344033 0.956500351 5.953100681
0.960487664 0.024507144 -0.277249485 -1.277238011 0.000183366 0.996060967 0.088679753 0.014978051 0.278329998 -0.085226148 0.956695378 6.062830925
0.961494327 -0.018327544 -0.274220943 -1.281892180 0.047147483 0.993982792 0.098878413 0.020119786 0.270758063 -0.107999422 0.956568241 6.119036198
0.960380852 -0.010790146 -0.278489500 -1.288834810 0.043321237 0.992885113 0.110923097 0.023859918 0.275310785 -0.118592389 0.954011023 6.166885376
0.958134532 -0.001051451 -0.286323696 -1.295273304 0.034086235 0.993301630 0.110414840 0.027337015 0.284289300 -0.115551338 0.951748133 6.219711304
0.946637571 0.032353606 -0.320678860 -1.308026314 0.000478840 0.994807601 0.101779491 0.032608926 0.322306037 -0.096501388 0.941702604 6.321778297
0.946759224 0.045791700 -0.318678290 -1.321446180 -0.013379444 0.994574904 0.103163116 0.039791882 0.321673363 -0.093406238 0.942230821 6.419665813
0.949755549 0.053743340 -0.308352739 -1.326774240 -0.020979948 0.993864298 0.108601704 0.042487085 0.312297434 -0.096675292 0.945051253 6.468788624
0.948658884 0.055892404 -0.311332196 -1.337880373 -0.028892180 0.995461702 0.090673365 0.049807012 0.314987391 -0.077022344 0.945964098 6.562146664
0.950021088 0.049711112 -0.308205783 -1.346290588 -0.025112526 0.996210039 0.083272099 0.058901846 0.311177701 -0.071369827 0.947667778 6.650120735
0.935401917 0.057582721 -0.348869145 -1.367546678 -0.036848024 0.997152746 0.065786630 0.075998038 0.351664364 -0.048681207 0.934859097 6.786656380
0.926426113 0.059771482 -0.371708095 -1.374891520 -0.040796243 0.997441411 0.058711715 0.084901154 0.374266833 -0.039227068 0.926491439 6.873884201
0.924968600 0.066520050 -0.374183059 -1.382558823 -0.050206963 0.997321904 0.053187702 0.089292437 0.376719207 -0.030409738 0.925828636 6.964087486
0.935858786 0.080805399 -0.342990428 -1.382210016 -0.064949468 0.996231556 0.057485741 0.093954980 0.346343368 -0.031520769 0.937577546 7.065619469
0.936918855 0.061997127 -0.344010174 -1.383058190 -0.043573707 0.997184038 0.061037235 0.097922713 0.346825927 -0.042196296 0.936979353 7.115866661
0.938599646 0.045329582 -0.342022508 -1.382800937 -0.025475373 0.997731090 0.062321391 0.100998610 0.344071865 -0.049781032 0.937622130 7.166003704
0.935999513 0.042086907 -0.349481314 -1.385033250 -0.019525362 0.997505665 0.067832425 0.103359908 0.351464927 -0.056666534 0.934484065 7.214694500
0.918600142 0.021912880 -0.394583821 -1.392457962 0.002362551 0.998139083 0.060929678 0.108141512 0.395185292 -0.056901459 0.916836917 7.310061932
0.906320155 0.036075335 -0.421052456 -1.400755167 -0.023787541 0.999124944 0.034400325 0.110603318 0.421925366 -0.021161333 0.906383157 7.398832798
0.904649377 0.028668880 -0.425194740 -1.406288147 -0.021461444 0.999533117 0.021731440 0.113138720 0.425619721 -0.010533608 0.904840171 7.439676762
0.906165540 0.006960247 -0.422869593 -1.420951605 -0.011663822 0.999896228 -0.008537657 0.115730897 0.422766656 0.012669418 0.906149805 7.523483753
0.907110035 -0.004448398 -0.420873910 -1.435167551 -0.019048547 0.998486340 -0.051609542 0.118476480 0.420466691 0.054833092 0.905649304 7.610242844
0.910461426 0.009721988 -0.413485944 -1.470505595 -0.036713481 0.997677088 -0.057383347 0.123776466 0.411967814 0.067426167 0.908699870 7.751344204
0.904284656 0.034427494 -0.425545782 -1.490937948 -0.058529250 0.997329175 -0.043689128 0.131454438 0.422905564 0.064414531 0.903880954 7.851704121
0.907120228 0.041887276 -0.418788195 -1.508170485 -0.047851715 0.998847544 -0.003745310 0.139692962 0.418148994 0.023437649 0.908075511 7.959140778
0.912639260 0.035352726 -0.407239437 -1.515795231 -0.026879311 0.999287069 0.026512498 0.143482357 0.407886505 -0.013249119 0.912936628 8.070944786
0.908405721 0.028836006 -0.417098910 -1.519673109 -0.015902704 0.999279916 0.034450799 0.149154037 0.417792082 -0.024661578 0.908207893 8.129677773
0.891101122 -0.004096096 -0.453790396 -1.521058083 0.025311938 0.998851120 0.040689051 0.157652587 0.453102589 -0.047743522 0.890178919 8.245555878
0.905007064 0.022680858 -0.424794495 -1.523193717 0.000026317 0.998574615 0.053371843 0.165073425 0.425399870 -0.048312679 0.903714895 8.354041100
0.897975504 0.011128873 -0.439907879 -1.529057503 0.022062257 0.997284412 0.070264116 0.171154529 0.439495564 -0.072800405 0.895289481 8.455299377
0.906483412 0.013911011 -0.422015727 -1.531509757 0.018883549 0.997121572 0.073429540 0.174412787 0.421822846 -0.074531451 0.903609514 8.504339218
0.905442178 -0.000029762 -0.424473852 -1.540789843 0.032801900 0.997015297 0.069898576 0.176989913 0.423205256 -0.077212311 0.902737141 8.602033615
0.913258553 -0.006561164 -0.407331973 -1.551038623 0.033695571 0.997661591 0.059476469 0.174298882 0.405989707 -0.068042271 0.911340594 8.706905365
0.928913414 0.006370645 -0.370247066 -1.559101820 0.017572759 0.997967839 0.061258622 0.177093267 0.369885504 -0.063409880 0.926910222 8.807160378
0.935811222 0.003643946 -0.352484435 -1.561278343 0.019909771 0.997804344 0.063173942 0.185909361 0.351940513 -0.066136196 0.933683276 8.866742134
0.928991854 -0.039277390 -0.368012309 -1.572998405 0.068129957 0.995509028 0.065734811 0.197692454 0.363777637 -0.086139299 0.927494705 8.967945099
0.910777271 -0.045656200 -0.410368383 -1.583271503 0.074069411 0.995812237 0.053600047 0.202159643 0.406202644 -0.079212822 0.910343587 9.066516876
0.894800961 -0.019337557 -0.446050525 -1.601828814 0.049177900 0.997251272 0.055419020 0.189438939 0.443753779 -0.071524493 0.893289030 9.164450645
0.892146349 -0.007538011 -0.451687753 -1.605886221 0.034945313 0.998016477 0.052365534 0.183705479 0.450397789 -0.062501751 0.890636683 9.211887360
0.908983171 0.007434372 -0.416771412 -1.610294819 0.015766999 0.998512208 0.052198313 0.175342739 0.416540176 -0.054018211 0.907510221 9.311043739
0.893749952 -0.025227873 -0.447859555 -1.619840860 0.054409284 0.997142732 0.052409876 0.170569927 0.445257634 -0.071208596 0.892566800 9.408653259
0.881637812 -0.018108658 -0.471582860 -1.629237413 0.044630196 0.997984767 0.045114309 0.173445553 0.469815403 -0.060820803 0.880667031 9.501755714
0.873763978 -0.013732445 -0.486160100 -1.634462357 0.036033947 0.998682261 0.036553167 0.176590413 0.485017270 -0.049456719 0.873105228 9.547477722
0.880349159 -0.020163674 -0.473902225 -1.647049904 0.032223746 0.999331057 0.017340284 0.184731930 0.473236352 -0.030536022 0.880406082 9.643903732
0.872524679 -0.012876000 -0.488404691 -1.662292004 0.017727554 0.999829650 0.005310683 0.192510903 0.488253772 -0.013291523 0.872600377 9.739801407
0.876801908 0.006882980 -0.480807126 -1.676817417 -0.009538454 0.999950588 -0.003080327 0.204544336 0.480762869 0.007287357 0.876820326 9.844108582
0.887732148 -0.003325390 -0.460352659 -1.685082197 0.004040127 0.999992073 0.000567589 0.211225510 0.460347354 -0.002363114 0.887735546 9.896026611
0.901063502 0.004847115 -0.433664501 -1.702872753 0.003677267 0.999816477 0.018815691 0.217213333 0.433676213 -0.018548276 0.900877535 9.997150421
0.904673934 0.018841786 -0.425692409 -1.720185280 0.004014772 0.998600960 0.052731887 0.228221536 0.426090807 -0.049413394 0.903329670 10.097179413
0.857844532 0.003841090 -0.513898432 -1.748540878 0.036335770 0.997017145 0.068107255 0.227244318 0.512627482 -0.077098332 0.855141640 10.247820854
0.853566468 -0.003779077 -0.520973146 -1.764068127 0.060649008 0.993896425 0.092158169 0.226985991 0.517445743 -0.110259481 0.848581791 10.348040581
0.853031337 0.007303435 -0.521811783 -1.781821489 0.058856815 0.992177010 0.110103130 0.226061642 0.518534124 -0.124633402 0.845923901 10.444122314
0.837189674 0.006587801 -0.546875298 -1.816029072 0.061476808 0.992457509 0.106067076 0.226349831 0.543450058 -0.122418232 0.830467582 10.581153870
0.833073556 -0.003323234 -0.553154469 -1.828922033 0.073903613 0.991686881 0.105343275 0.230246782 0.548206568 -0.128638774 0.826390982 10.625408173
0.812096477 -0.022864919 -0.583077371 -1.841204405 0.101054825 0.989645481 0.101938024 0.233639240 0.574709654 -0.141706139 0.805995345 10.670082092
0.806091428 -0.004364137 -0.591777086 -1.861185312 0.072547771 0.993159950 0.091496445 0.243801057 0.587330341 -0.116686463 0.800891697 10.759414673
0.810211122 0.013432363 -0.585986376 -1.872218132 0.044205610 0.995490730 0.083939217 0.252522588 0.584472001 -0.093912311 0.805961132 10.804392815
0.814611018 -0.018219469 -0.579723477 -1.903508186 0.082241900 0.993036389 0.084354728 0.266055822 0.574148536 -0.116393603 0.810435534 10.900482178
0.735782743 0.019307839 -0.676944017 -1.992420197 0.067368269 0.992548883 0.101532996 0.311121643 0.673859358 -0.120310597 0.728998482 11.293159485
0.721803308 0.008982137 -0.692042291 -2.009445667 0.085072443 0.991181672 0.101594992 0.306530893 0.686852098 -0.132204548 0.714672267 11.368594170
0.709595382 -0.001784866 -0.704609513 -2.016354561 0.090750940 0.991899669 0.088879824 0.304843903 0.698742926 -0.127011925 0.704007447 11.408078194
0.746394575 0.002102660 -0.665502846 -2.029385567 0.079517409 0.992549539 0.092318267 0.302697659 0.660738468 -0.121824123 0.740664363 11.488069534
0.762743890 -0.008554703 -0.646646380 -2.045971394 0.082041994 0.993113697 0.083632641 0.301481605 0.641478121 -0.116841570 0.758191347 11.570302010
0.759068549 -0.020588357 -0.650687575 -2.067117691 0.091309667 0.992986739 0.075098574 0.305610478 0.644580126 -0.116418287 0.755621672 11.657922745
0.758299232 -0.023873840 -0.651471972 -2.080645084 0.095206171 0.992670417 0.074439794 0.311501324 0.644921839 -0.118471079 0.755010664 11.696487427
0.748723209 -0.047847569 -0.661155999 -2.098920345 0.145521507 0.984925568 0.093515590 0.315180302 0.646717072 -0.166229159 0.744396329 11.735316277
0.742418110 -0.035127535 -0.669017732 -2.119308472 0.142858326 0.983956754 0.106867261 0.314841568 0.654532552 -0.174914181 0.735522270 11.774030685
0.741787076 0.005232274 -0.670615613 -2.144025803 0.092830576 0.989542484 0.110402457 0.312481284 0.664181769 -0.144148156 0.733542025 11.807517052
0.670180380 0.042633079 -0.740973473 -2.211824417 0.075809747 0.989195406 0.125481337 0.313669741 0.738318443 -0.140267447 0.659705162 11.905966759
0.650493085 0.053268582 -0.757644057 -2.232880116 0.074329808 0.988284349 0.133301392 0.312917471 0.755870223 -0.143025935 0.638909101 11.943568230
0.615665615 0.079684459 -0.783969402 -2.268908024 0.046510026 0.989464939 0.137096554 0.308738172 0.786634922 -0.120867312 0.605472028 11.997314453
0.575866997 0.063997023 -0.815035641 -2.308742523 0.082466193 0.987299204 0.135790139 0.316626549 0.813374698 -0.145409286 0.563274205 12.066703796
0.545093179 0.078402050 -0.834701836 -2.358314991 0.099622019 0.982506812 0.157341853 0.328450680 0.832437158 -0.168919787 0.527746201 12.174770355
0.519914806 0.084286407 -0.850049973 -2.390701771 0.098680906 0.982531786 0.157778308 0.336947262 0.848500967 -0.165914267 0.502514184 12.242345810
0.490983248 0.090809941 -0.866423428 -2.427196980 0.100084409 0.982087791 0.159647956 0.348533988 0.865402400 -0.165099114 0.473098576 12.306251526
0.440406829 0.077569462 -0.894440830 -2.460071087 0.088174976 0.987707734 0.129073411 0.348762691 0.893460393 -0.135711730 0.428152025 12.360021591
0.432280809 0.077128358 -0.898434162 -2.476644993 0.072408691 0.990149498 0.119841069 0.352322221 0.898829639 -0.116858982 0.422436416 12.390665054
0.413639218 0.085187234 -0.906446636 -2.513694763 0.065061316 0.990302444 0.122757308 0.365429163 0.908115625 -0.109751314 0.404084027 12.446887970
0.361628801 0.093407586 -0.927631617 -2.560222864 0.068529800 0.989613652 0.126364738 0.373210847 0.929802001 -0.109267011 0.351470649 12.501770973
0.339089453 0.114241794 -0.933792233 -2.603059053 0.036468025 0.990256786 0.134392679 0.381526113 0.940048814 -0.079624012 0.331618458 12.549688339
0.326137275 0.126480430 -0.936823189 -2.623484612 0.027375519 0.989329576 0.143099576 0.383969367 0.944927514 -0.072315387 0.319193810 12.572751999
0.285166264 0.136797771 -0.948664904 -2.669194937 0.026219444 0.988278866 0.150391415 0.389781833 0.958121479 -0.067759588 0.278235972 12.618618011
0.241385832 0.137018800 -0.960706830 -2.714136600 0.012471030 0.989462376 0.144253299 0.396279275 0.970350862 -0.046801098 0.237132072 12.670644760
0.197007865 0.134696499 -0.971104205 -2.735777855 0.032724742 0.989061713 0.143826231 0.400388807 0.979857743 -0.060113586 0.190443695 12.695599556
0.167797729 0.138791263 -0.976003051 -2.757630825 0.029104911 0.988910735 0.145630747 0.402687043 0.985392332 -0.052842576 0.161896706 12.714248657
0.151235670 0.139928371 -0.978544116 -2.779102325 0.028726788 0.988889754 0.145847678 0.405478060 0.988080859 -0.050167263 0.145535067 12.739716530
0.122014299 0.157609314 -0.979935050 -2.819829226 0.051755924 0.984957874 0.164861739 0.409835458 0.991178572 -0.070832469 0.112020984 12.784909248
0.091165729 0.152207643 -0.984133840 -2.861044168 0.058337513 0.985737920 0.157859281 0.416478097 0.994126737 -0.071802892 0.080985099 12.826680183
0.072340935 0.154250517 -0.985378802 -2.881933928 0.083585180 0.983556271 0.160101071 0.419832706 0.993872762 -0.093944512 0.058257479 12.845911026
0.061975304 0.154232681 -0.986087680 -2.905041456 0.098071575 0.982267082 0.159798369 0.422541320 0.993248940 -0.106610514 0.045749411 12.863883972
0.047006588 0.143924311 -0.988470495 -2.929194450 0.098002374 0.984127820 0.147952035 0.424137652 0.994076669 -0.103826761 0.032154586 12.881671906
0.003262296 0.128477991 -0.991706192 -2.975000143 0.094064631 0.987275898 0.128213286 0.428342432 0.995562017 -0.093702361 -0.008865392 12.915129662
-0.006845285 0.119922698 -0.992758989 -3.028686285 0.058291189 0.991142750 0.119325429 0.433698088 0.998277545 -0.057051726 -0.013775787 12.939240456
-0.044283006 0.139577270 -0.989219785 -3.078708410 0.054208584 0.989068806 0.137129247 0.436638504 0.997548580 -0.047551196 -0.051366039 12.953047752
-0.052326053 0.127955705 -0.990397990 -3.101564407 0.016963575 0.991728127 0.127231359 0.436537474 0.998487532 -0.010142529 -0.054064214 12.956252098
-0.102104470 0.131309152 -0.986068368 -3.147567272 -0.004415227 0.991180360 0.132447138 0.441084862 0.994765401 0.017877569 -0.100624695 12.963733673
-0.147539988 0.132986397 -0.980073929 -3.193495512 -0.010107663 0.990665019 0.135945097 0.445446670 0.989006042 0.029964322 -0.144819111 12.970285416
-0.192375243 0.144070432 -0.970687568 -3.237082958 -0.030455643 0.987811267 0.152648255 0.451518178 0.980850756 0.058928624 -0.185642660 12.982980728
-0.215516582 0.150071219 -0.964899063 -3.258363962 -0.032243073 0.986488044 0.160630867 0.456664264 0.975969851 0.065729953 -0.207766011 12.988746643
-0.282793969 0.161777109 -0.945438862 -3.299106121 -0.014653754 0.984830439 0.172900885 0.467481732 0.959070802 0.062749542 -0.276133657 12.995474815
-0.360470563 0.133346871 -0.923189044 -3.344428778 -0.029156804 0.987633944 0.154040515 0.473638117 0.932315886 0.082444251 -0.352124631 12.996416092
-0.408167064 0.158628941 -0.899018943 -3.380117416 0.003456939 0.985048890 0.172239393 0.478528768 0.912901759 0.067194402 -0.402612627 13.000416756
-0.423647344 0.143222511 -0.894432247 -3.397491932 -0.003841192 0.987127960 0.159885213 0.479300857 0.905820012 0.071170397 -0.417643845 13.003918648
-0.434153557 0.138102323 -0.890189409 -3.431104660 0.019579057 0.989391863 0.143944100 0.483790070 0.900627017 0.045064654 -0.432251751 13.006806374
-0.431196183 0.147849619 -0.890061378 -3.463180542 0.060453545 0.988999605 0.134997740 0.483734101 0.900231540 0.004402938 -0.435390800 13.007908821
-0.448936164 0.116616793 -0.885921538 -3.498962164 0.073192060 0.992916048 0.093610741 0.481227994 0.890563607 -0.022817202 -0.454290301 12.996637344
