1.000000000 0.000000029 -0.000000036 0.000000954 0.000000029 1.000000358 -0.000000003 0.000000954 -0.000000036 -0.000000003 0.999999821 0.000000954
1.000000000 -0.000198827 0.000057236 -0.000080798 0.000198884 1.000000358 -0.000045445 -0.000001556 -0.000057288 0.000045446 0.999999821 -0.000132613
0.999876440 -0.000501887 0.015710222 0.000341060 0.000488239 0.999999881 0.000876026 0.000595155 -0.015710713 -0.000868257 0.999876022 0.001070481
0.999874175 0.000015106 0.015862554 0.001378927 -0.000042338 0.999998808 0.001720443 -0.001065419 -0.015862584 -0.001720913 0.999872446 0.001579710
0.999870181 -0.000326872 0.016107060 0.000120227 0.000315145 0.999999940 0.000734585 -0.000282818 -0.016107375 -0.000729428 0.999869764 0.001284866
0.999818027 0.000183984 0.019077122 -0.000277940 -0.000169065 0.999999940 -0.000780337 -0.000679275 -0.019077336 0.000776954 0.999817431 0.000170877
0.999482155 -0.000840813 0.032167792 0.000161044 0.000717819 0.999992669 0.003836871 -0.000258155 -0.032170847 -0.003811806 0.999474823 0.002837067
0.999062657 -0.000471398 0.043299053 0.000800690 0.000513621 1.000000000 -0.000960395 -0.000642179 -0.043298896 0.000981759 0.999060392 0.006088955
0.998749077 0.000528654 0.050009139 0.001466422 -0.000468303 0.999999762 -0.001215375 0.000084110 -0.050010048 0.001190461 0.998746693 0.004556955
0.997869253 0.000079388 0.065253101 0.000595009 0.000030437 0.999999166 -0.001679664 -0.000486478 -0.065253422 0.001678095 0.997866035 0.007571879
0.997877479 0.000580013 0.065124303 0.001559591 -0.000474134 0.999999106 -0.001638838 -0.000692628 -0.065125443 0.001604505 0.997874558 0.007012748
0.997858286 0.000015333 0.065425813 0.001453704 0.000107478 0.999998748 -0.001871372 -0.002267486 -0.065426104 0.001874372 0.997854233 0.009719525
0.997592390 0.000109121 0.069362774 0.001658865 0.000017717 0.999998808 -0.001825901 -0.002178866 -0.069363229 0.001822711 0.997588396 0.009570851
0.997488201 0.000652298 0.070842393 0.001512028 -0.000537645 0.999998987 -0.001635418 -0.002006883 -0.070843719 0.001593199 0.997484744 0.009192392
0.997037232 0.000353005 0.076931432 0.001345645 -0.000181443 0.999997973 -0.002235150 -0.000219390 -0.076932393 0.002214545 0.997032404 0.007339600
0.996658564 0.000458572 0.081700064 0.001768151 -0.000331402 0.999999702 -0.001567988 -0.002449363 -0.081701130 0.001535725 0.996655643 0.010239269
0.996546626 0.000573890 0.083051860 0.001844602 -0.000467326 1.000000119 -0.001300456 -0.001776179 -0.083052963 0.001257205 0.996544421 0.008710691
0.996478856 0.000160285 0.083862633 0.001839556 -0.000072515 1.000000477 -0.001047580 -0.002231556 -0.083863191 0.001037864 0.996476710 0.010067580
0.996061981 0.000897065 0.088671744 0.001717287 -0.000780004 0.999999821 -0.001352853 -0.002357736 -0.088673271 0.001278414 0.996059895 0.010207326
0.995262027 0.000323225 0.097264268 0.002358864 -0.000177957 1.000000834 -0.001498587 -0.003106183 -0.097265676 0.001474287 0.995256782 0.011812950
0.992631733 -0.000037606 0.121198878 0.001002359 0.000266738 1.000000238 -0.001871428 -0.001228872 -0.121199489 0.001890074 0.992625833 0.011667890
0.991827071 0.000505073 0.127600938 0.003019042 -0.000342580 1.000000238 -0.001294035 -0.004939921 -0.127601862 0.001239798 0.991824687 0.015571274
0.989670575 -0.000050267 0.143371984 0.003848522 0.000381092 0.999998391 -0.002278795 -0.002821873 -0.143371835 0.002309944 0.989666224 0.016090404
0.989564478 0.000341412 0.144111007 0.003204074 -0.000102345 1.000000477 -0.001663914 -0.004722881 -0.144112110 0.001631893 0.989559174 0.014983267
0.989168048 0.000468600 0.146806598 0.004208143 -0.000634674 1.000000954 0.001086770 -0.003424823 -0.146806747 -0.001168065 0.989163637 0.013154875
0.988296211 -0.001718016 0.152556971 0.004461950 -0.000315784 0.999913275 0.013308484 -0.001087400 -0.152567074 -0.013200720 0.988204122 0.012060326
0.988008559 -0.001946007 0.154405966 0.004552393 0.000132403 0.999932826 0.011757366 0.000174007 -0.154418901 -0.011595764 0.987936497 0.012511333
0.986704826 -0.000766665 0.162537992 0.004610856 -0.000347800 0.999978423 0.006830184 -0.001607288 -0.162540168 -0.006795773 0.986678302 0.016414592
0.985290706 0.000501497 0.170902714 0.005139017 -0.000613783 1.000001431 0.000606170 0.000693293 -0.170903102 -0.000702049 0.985287368 0.015007447
0.984439194 0.001265164 0.175736636 0.005942473 -0.001532575 0.999999702 0.001387889 -0.001480891 -0.175735205 -0.001635519 0.984435856 0.016580347
0.983544588 0.002469494 0.180664718 0.006043763 -0.003256093 0.999988377 0.004059379 -0.001179451 -0.180652976 -0.004580724 0.983536065 0.018288694
0.981726110 0.000646274 0.190312579 0.005668884 -0.001684247 0.999986410 0.005294148 -0.001466654 -0.190306872 -0.005517812 0.981708825 0.016212991
0.980628312 -0.000504408 0.195895538 0.002403533 -0.001956507 0.999923885 0.012370549 -0.001147467 -0.195887253 -0.012513999 0.980546534 0.025729176
0.984788597 -0.000565448 0.173776537 -0.006239926 0.001484103 0.999987960 -0.005154477 0.001245897 -0.173772067 0.005334051 0.984771430 0.033650670
0.986545444 0.001038462 0.163505763 -0.007054364 0.001939700 0.999837518 -0.018051578 0.000400072 -0.163498566 0.018125851 0.986377060 0.034706164
0.988971829 0.004820687 0.148049757 -0.012857663 0.001162416 0.999189436 -0.040297374 -0.000021358 -0.148124725 0.040024925 0.988158405 0.039077006
0.990259707 0.008196228 0.138998345 -0.016881661 -0.001567759 0.998860002 -0.047728337 -0.003743396 -0.139231637 0.047045525 0.989140451 0.043843556
0.992938280 0.001903569 0.118624754 -0.023414370 0.004356562 0.998612761 -0.052488975 -0.002145911 -0.118560739 0.052635085 0.991549551 0.050507750
0.996202588 0.000093392 0.087077767 -0.034919657 0.005225702 0.998134017 -0.060851410 0.001110106 -0.086921804 0.061075255 0.994339883 0.063198105
0.997986078 0.000861906 0.063443266 -0.052854661 0.002625973 0.998491108 -0.054867644 0.004984188 -0.063395843 0.054923609 0.996474683 0.082339510
0.999651372 0.016031513 0.021023929 -0.086425230 -0.015176659 0.999077499 -0.040194068 0.010476185 -0.021649912 0.039860826 0.998969316 0.118337505
0.999596119 0.025435342 0.012758031 -0.114769913 -0.025052371 0.999257445 -0.029303746 0.012476856 -0.013495058 0.028972130 0.999487698 0.145001680
0.999606192 0.024036713 -0.014616855 -0.134055778 -0.024313232 0.999523103 -0.019074868 0.016833603 0.014150701 0.019422214 0.999710083 0.169010520
0.999916553 0.009855235 -0.008570455 -0.162515804 -0.009898028 0.999939203 -0.005018336 0.019648569 0.008519892 0.005102397 0.999949694 0.197349548
0.999900401 -0.006897584 -0.012466848 -0.182838634 0.006745511 0.999903023 -0.012231382 0.026230453 0.012549287 0.012145602 0.999846458 0.209037587
0.999822497 -0.010608028 -0.015798787 -0.217698947 0.010460845 0.999901712 -0.009429290 0.027596336 0.015896436 0.009262187 0.999828875 0.237772301
0.999895811 -0.010871409 0.009856608 -0.254438221 0.010842428 0.999937594 0.003064183 0.026688147 -0.009889925 -0.002957050 0.999944806 0.266858339
0.999559939 0.020466216 0.021559034 -0.294610828 -0.020703081 0.999726593 0.010853171 0.029298605 -0.021331526 -0.011294535 0.999707341 0.304361641
0.999703348 0.023207033 0.007654448 -0.317523241 -0.023200588 0.999730051 -0.000862666 0.028707659 -0.007672998 0.000685051 0.999969065 0.323972136
0.999549091 0.026482657 -0.014375447 -0.339231461 -0.026671521 0.999557376 -0.013192711 0.028433030 0.014018676 0.013570448 0.999807358 0.345323652
0.991796672 0.090636939 -0.090170011 -0.405077845 -0.092538558 0.995561600 -0.017142218 0.020371972 0.088214383 0.025345938 0.995776832 0.406158566
0.984703898 0.099449798 -0.143081203 -0.435379088 -0.102295220 0.994673073 -0.012654590 0.011989221 0.141059980 0.027097622 0.989629328 0.447562456
0.983429134 0.098319314 -0.152330622 -0.447055191 -0.100998372 0.994836450 -0.009932958 0.006227116 0.150567025 0.025153762 0.988279104 0.467065334
0.983545601 0.100681014 -0.150017783 -0.467155963 -0.102733523 0.994690478 -0.005976407 -0.005064452 0.148619235 0.021290027 0.988664627 0.507748246
0.986113191 0.103728227 -0.129712984 -0.484001607 -0.106899656 0.994111419 -0.017715616 -0.014544752 0.127111226 0.031335976 0.991392732 0.551629305
0.991677105 0.095945381 -0.085876800 -0.493660629 -0.098855786 0.994639874 -0.030297875 -0.031911965 0.082509309 0.038535345 0.995844483 0.607252061
0.994332492 0.071937568 -0.078305766 -0.497498214 -0.074985385 0.996508539 -0.036701914 -0.040586073 0.075391933 0.042365782 0.996253133 0.635861337
0.996887088 0.041200254 -0.067254566 -0.508944035 -0.043843687 0.998303115 -0.038315304 -0.058495380 0.065561600 0.041144893 0.996999145 0.692621529
0.999581754 0.006920542 -0.028114021 -0.522059679 -0.007390500 0.999834955 -0.016645538 -0.072164044 0.027994052 0.016846653 0.999465883 0.751802146
0.999126434 0.012074019 -0.040036023 -0.532606244 -0.012377990 0.999897182 -0.007350376 -0.085635975 0.039943039 0.007839963 0.999170899 0.780987024
0.997058630 0.036498290 -0.067409679 -0.549073815 -0.037647456 0.999166071 -0.015853640 -0.109659493 0.066774651 0.018345039 0.997599304 0.838710487
0.997837842 0.031515207 -0.057693847 -0.563010514 -0.032071978 0.999447882 -0.008749628 -0.126605675 0.057385966 0.010581410 0.998295665 0.894917250
0.999450624 0.027828019 -0.018084111 -0.613431990 -0.028150355 0.999445856 -0.017809104 -0.163257927 0.017578032 0.018309133 0.999676883 1.075238824
0.999442160 -0.000019307 -0.033435114 -0.643834949 -0.000378711 0.999930263 -0.011889046 -0.165904701 0.033432581 0.011895627 0.999369144 1.153687716
0.996440291 0.025761176 -0.080282129 -0.677292168 -0.025851861 0.999665439 -0.000088239 -0.172250032 0.080252558 0.002163315 0.996771693 1.265474558
0.993732154 0.032302536 -0.107029237 -0.697692394 -0.030779108 0.999400020 0.015858285 -0.180460051 0.107476741 -0.012464775 0.994128704 1.344867468
0.992902935 0.036010250 -0.113367692 -0.713310480 -0.032312546 0.998889983 0.034289595 -0.190025926 0.114476115 -0.030382928 0.992960989 1.426025748
0.992494583 0.022626106 -0.120199353 -0.719178915 -0.017965894 0.999049902 0.039716970 -0.194690123 0.120983392 -0.037259281 0.991954863 1.464341521
0.993396461 0.026844271 -0.111570388 -0.727636576 -0.019299211 0.997487783 0.068165466 -0.204997391 0.113119304 -0.065561920 0.991415560 1.541601539
0.990017295 0.047004249 -0.132891551 -0.731692433 -0.038652521 0.997153342 0.064744681 -0.212387860 0.135555893 -0.058961604 0.989013374 1.622579098
0.983502924 0.052035511 -0.173257440 -0.739098072 -0.041699219 0.997156382 0.062776804 -0.216790214 0.176030815 -0.054516342 0.982873499 1.698270321
0.975253522 0.062188692 -0.212172166 -0.743419647 -0.051180445 0.997062087 0.056993794 -0.219908759 0.215092570 -0.044724252 0.975568652 1.735737324
0.967041314 0.102647804 -0.233017385 -0.742231011 -0.093238644 0.994334102 0.051072381 -0.224216342 0.236939281 -0.027662799 0.971129894 1.803177834
0.960284650 0.119742639 -0.252027154 -0.741096854 -0.116779864 0.992798865 0.026738148 -0.220135510 0.253413588 0.003755428 0.967350066 1.870430946
0.950810075 0.095117331 -0.294814497 -0.746446431 -0.096077919 0.995311141 0.011260893 -0.208080098 0.294502735 0.017618084 0.955487609 1.931115031
0.954811752 0.102594778 -0.278949589 -0.749196947 -0.104217120 0.994513631 0.009050668 -0.203897268 0.278347462 0.020429675 0.960262775 1.964426637
0.967674911 0.074651845 -0.240907207 -0.755151272 -0.077055581 0.997026920 -0.000557158 -0.194705084 0.240149334 0.019102400 0.970547616 2.037786961
0.977543831 0.051375046 -0.204383969 -0.765112758 -0.059159085 0.997730851 -0.032153241 -0.193545133 0.202268243 0.043522350 0.978362143 2.116431952
0.974859715 0.027847636 -0.221080869 -0.791920602 -0.044965457 0.996334672 -0.072775632 -0.186319292 0.218243465 0.080886707 0.972535729 2.247717619
0.984390795 0.047164906 -0.169570386 -0.801496327 -0.058979061 0.996120453 -0.065319896 -0.180522367 0.165831447 0.074300937 0.983350337 2.345729351
0.986197114 0.039479613 -0.160811409 -0.812739849 -0.046696026 0.998053670 -0.041342843 -0.169656202 0.158865914 0.048281267 0.986118317 2.446309566
0.988576055 0.021552278 -0.149185479 -0.823589385 -0.024776770 0.999498188 -0.019788845 -0.160887554 0.148683801 0.023259191 0.988611519 2.547780275
0.988984048 0.029338654 -0.145096615 -0.830007315 -0.030265305 0.999534011 -0.004182078 -0.159408882 0.144905999 0.008527528 0.989408970 2.600145578
0.984948277 0.068621799 -0.158654541 -0.843176365 -0.068279870 0.997637928 0.007612610 -0.154782265 0.158801854 0.003335018 0.987304926 2.706581831
0.979784787 0.051887907 -0.193213284 -0.849976540 -0.047666170 0.998513341 0.026438862 -0.144030094 0.194298208 -0.016694436 0.980800152 2.813946962
0.981532574 0.082263544 -0.172708362 -0.853783250 -0.075754777 0.996157110 0.043957628 -0.139857292 0.175661042 -0.030062059 0.983991385 2.867424726
0.976674795 0.120406196 -0.177793384 -0.865558267 -0.110041000 0.991660118 0.067089662 -0.127543509 0.184388906 -0.045959812 0.981778026 2.969303846
0.979985535 0.123205736 -0.156366929 -0.872446418 -0.110378541 0.989963770 0.088253804 -0.115707636 0.165670604 -0.069227658 0.983747840 3.063110352
0.986775398 0.114962824 -0.114281207 -0.877674460 -0.105638027 0.990802228 0.084569067 -0.112110913 0.122951970 -0.071377940 0.989841878 3.157407522
0.987366557 0.106096841 -0.117698565 -0.880271912 -0.097496442 0.992285073 0.076584227 -0.111326247 0.124915674 -0.064141177 0.990091562 3.204571962
0.990236282 0.082907148 -0.112085886 -0.883288383 -0.076496929 0.995241821 0.060338184 -0.106508523 0.116554752 -0.051174425 0.991865039 3.300633669
0.987375855 0.073465817 -0.140344113 -0.894126773 -0.066672817 0.996391356 0.052513890 -0.092884749 0.143695489 -0.042493332 0.988709152 3.398653269
0.980198443 0.069989547 -0.185249150 -0.897687078 -0.062411845 0.996969163 0.046434101 -0.084492773 0.187937126 -0.033952344 0.981594026 3.482613087
0.979078293 0.079639331 -0.187264353 -0.898927569 -0.075584576 0.996725500 0.028706763 -0.080440424 0.188936964 -0.013951492 0.981890261 3.519309282
0.982123733 0.054442059 -0.180197537 -0.905900836 -0.052142173 0.998486280 0.017480131 -0.078373201 0.180876821 -0.007771069 0.983475268 3.616650820
0.988137364 0.053120144 -0.144101292 -0.911126971 -0.051986601 0.998579741 0.011624763 -0.078931645 0.144514680 -0.003995038 0.989494801 3.709137440
0.990969956 0.051045019 -0.123998210 -0.914451122 -0.049975205 0.998681188 0.011726641 -0.080113694 0.124433771 -0.005423195 0.992213249 3.802929640
0.987283885 0.054706544 -0.149264917 -0.923366189 -0.054208837 0.998502135 0.007405870 -0.083682366 0.149446964 0.000780007 0.988768637 3.858013630
0.980087876 0.067677781 -0.186681733 -0.933011591 -0.069622435 0.997565866 -0.003871080 -0.084386081 0.185965553 0.016791441 0.982411742 3.956837654
0.970402837 0.064077862 -0.232840866 -0.947039187 -0.062245980 0.997944653 0.015215704 -0.083557934 0.233337507 -0.000271700 0.972394884 4.054450512
0.960730910 0.129369587 -0.245483547 -0.962674975 -0.126330972 0.991588950 0.028155047 -0.083704352 0.247060731 0.003963027 0.968991578 4.185439110
0.967733800 0.105095781 -0.229016706 -0.966938019 -0.102736458 0.994460523 0.022235332 -0.077044532 0.230084673 0.002010892 0.973168075 4.279856682
0.978538215 0.076556340 -0.191323712 -0.964102864 -0.074506544 0.997060299 0.017896418 -0.062635146 0.192131042 -0.003257156 0.981363654 4.374826431
0.981070459 0.019675286 -0.192661509 -0.971987963 -0.016459523 0.999697328 0.018278068 -0.039644644 0.192962140 -0.014760661 0.981095016 4.526408195
0.976503551 0.044874784 -0.210788324 -0.971460044 -0.040596854 0.998873115 0.024580825 -0.034558684 0.211653352 -0.015445558 0.977222562 4.627076149
0.976423562 0.055644937 -0.208579615 -0.973949134 -0.051598366 0.998359740 0.024795797 -0.031882130 0.209616631 -0.013448516 0.977691114 4.714107037
0.980122924 0.044949017 -0.193242341 -0.976753712 -0.038084056 0.998509467 0.039096180 -0.035420001 0.194711402 -0.030959060 0.980371714 4.759118080
0.983540833 0.045462772 -0.174884260 -0.979821682 -0.036109317 0.997760892 0.056299768 -0.043113708 0.177052021 -0.049057763 0.982977748 4.849588871
0.985000730 0.052975859 -0.164229736 -0.980747879 -0.044271205 0.997436643 0.056219030 -0.047070652 0.166786820 -0.048104487 0.984818459 4.898021221
0.986045778 0.049556509 -0.158939764 -0.980536044 -0.041037023 0.997561991 0.056443810 -0.048162729 0.161349282 -0.049133211 0.985673368 4.947124004
0.979488373 0.028491840 -0.199485630 -0.983291805 -0.021003628 0.998996675 0.039554186 -0.042260632 0.200412050 -0.034552384 0.979101658 5.044206619
0.976722300 0.013545480 -0.214088649 -0.984345794 -0.003669245 0.998913407 0.046461478 -0.037207216 0.214484930 -0.044593956 0.975708187 5.094337940
0.966821969 0.014565106 -0.255042881 -0.991241455 0.002492754 0.997787893 0.066431463 -0.029359013 0.255445600 -0.064862408 0.964644492 5.192044258
0.965550482 0.042423263 -0.256742299 -0.992340922 -0.025324551 0.997257411 0.069543727 -0.018444806 0.258987963 -0.060645450 0.963974059 5.241543293
0.968663275 0.035559896 -0.245823503 -0.997493982 -0.021517379 0.997992098 0.059577547 -0.009222299 0.247448415 -0.052421167 0.967481196 5.378630161
0.970400989 0.034712393 -0.238996506 -0.998273075 -0.024598287 0.998676538 0.045174442 -0.004073039 0.240248308 -0.037958652 0.969968379 5.428040028
0.970543981 -0.009866368 -0.240726292 -0.998805344 0.018765431 0.999221742 0.034703795 0.005315959 0.240196586 -0.038198896 0.969971836 5.527488708
0.976130784 0.013176093 -0.216789737 -1.001138568 -0.003448322 0.998972714 0.045190006 0.015991032 0.217162549 -0.043363877 0.975171208 5.623883247
0.970035434 0.010327116 -0.242747843 -1.009701967 0.004041923 0.998271465 0.058621410 0.012571692 0.242933646 -0.057846282 0.968316674 5.730646610
0.972576559 0.023769086 -0.231369600 -1.005998254 -0.009132070 0.997899055 0.064129628 0.011999100 0.232407764 -0.060258258 0.970749974 5.785483360
0.978200972 0.026823511 -0.205925524 -1.003745556 -0.006301640 0.994999647 0.099673152 0.008632123 0.207569271 -0.096203014 0.973478317 5.887656689
0.971997201 0.016987592 -0.234382108 -1.006333351 0.005444577 0.995487273 0.094730735 0.005222917 0.234933734 -0.093354374 0.967517972 5.987462044
0.971599162 0.021157866 -0.235691667 -1.012889385 -0.000314364 0.996109605 0.088122316 0.006866455 0.236639008 -0.085545652 0.967823565 6.098217964
0.972274601 -0.023032214 -0.232710436 -1.015663385 0.047107507 0.994028270 0.098432422 0.012277186 0.229053304 -0.106665894 0.967551053 6.153385162
0.971298397 -0.018524354 -0.237147987 -1.020475030 0.046103019 0.992719114 0.111280724 0.015518785 0.233359903 -0.119020149 0.965078056 6.206948280
0.969764292 -0.006918578 -0.243951201 -1.024672985 0.034719128 0.993342280 0.109843507 0.019546449 0.241566807 -0.114992060 0.963545799 6.259754658
0.959677279 0.027315775 -0.279779255 -1.030557632 0.001099832 0.994895637 0.100905880 0.026227832 0.281107008 -0.097144954 0.954746068 6.360648155
0.959583580 0.042732254 -0.278166920 -1.043199301 -0.014441514 0.994580626 0.102968886 0.032220364 0.281058580 -0.094790168 0.954996347 6.463261127
0.962170482 0.050677143 -0.267700553 -1.046661735 -0.022162801 0.993852198 0.108482920 0.034442842 0.271551579 -0.098445944 0.957374334 6.512117386
0.961239576 0.053701520 -0.270440996 -1.054214120 -0.030097567 0.995425701 0.090683281 0.042354167 0.274072915 -0.079028860 0.958455026 6.605627060
0.962314248 0.047848277 -0.267704636 -1.058623672 -0.026396956 0.996186137 0.083164230 0.051096797 0.270662963 -0.072963506 0.959904432 6.697454453
0.949430168 0.057022750 -0.308762640 -1.073984623 -0.038432773 0.997081578 0.065963142 0.068096220 0.311623067 -0.050760623 0.948848367 6.834216595
0.941317737 0.059617557 -0.332220942 -1.076597452 -0.042369846 0.997362614 0.058926627 0.078079551 0.334857881 -0.041392520 0.941358447 6.918833256
0.939742088 0.067937694 -0.335070521 -1.082134843 -0.052881390 0.997147143 0.053868100 0.077950597 0.337774336 -0.032903135 0.940651298 7.015790939
0.949373126 0.082098089 -0.303237796 -1.078057408 -0.067762673 0.996042430 0.057517521 0.084919691 0.306760013 -0.034057476 0.951176763 7.115045071
0.950573862 0.062316854 -0.304185092 -1.077705979 -0.045831509 0.997082531 0.061045893 0.088789582 0.307102144 -0.044087388 0.950654268 7.165736675
0.949778914 0.043616820 -0.309871495 -1.073033094 -0.023532672 0.997390091 0.068262897 0.093511939 0.312040418 -0.057542518 0.948324025 7.262123108
0.934567571 0.021173166 -0.355160892 -1.080246091 0.000830116 0.998095155 0.061685681 0.096682936 0.355790377 -0.057944395 0.932767749 7.364491463
0.923426867 0.035934642 -0.382093400 -1.084023595 -0.024604389 0.999101818 0.034498978 0.100809902 0.382989615 -0.022456251 0.923479497 7.453604698
0.921966732 0.029281773 -0.386165291 -1.087811708 -0.022672715 0.999508142 0.021658763 0.103790112 0.386609405 -0.011213370 0.922175169 7.494117737
0.923070610 0.009995760 -0.384505749 -1.099073529 -0.013537500 0.999888241 -0.006506423 0.104397252 0.384397656 0.011210828 0.923098922 7.580898285
0.924229622 0.000014273 -0.381842136 -1.110548615 -0.020485373 0.998562634 -0.049547248 0.107309222 0.381292582 0.053614922 0.922897816 7.667925835
0.926974416 0.015339686 -0.374816328 -1.136236906 -0.039379697 0.997622967 -0.056563955 0.116785824 0.373057634 0.067193009 0.925371230 7.805748463
0.921880484 0.035415746 -0.385855466 -1.150372148 -0.057162419 0.997349262 -0.045029350 0.125583619 0.383237928 0.063567892 0.921458781 7.877766609
0.923500359 0.045326807 -0.380913466 -1.161462545 -0.048970729 0.998800695 0.000126071 0.126147121 0.380462527 0.018537141 0.924609840 8.011967659
0.928957820 0.036221124 -0.368412286 -1.163945317 -0.028021138 0.999227107 0.027585499 0.135914594 0.369126916 -0.015302565 0.929252446 8.109721184
0.924586296 0.032288279 -0.379605442 -1.174147010 -0.019874757 0.999133766 0.036576465 0.154188365 0.380457610 -0.026273478 0.924424350 8.223675728
0.918320835 0.016866704 -0.395480782 -1.168729544 -0.003090775 0.999367177 0.035444159 0.145864800 0.395827919 -0.031327143 0.917790651 8.233988762
0.909906864 -0.003765607 -0.414799035 -1.165056229 0.022611031 0.998922408 0.040531088 0.152505100 0.414199293 -0.046258736 0.909010112 8.284007072
0.922092140 0.021906860 -0.386353791 -1.157501578 -0.001246162 0.998559713 0.053645357 0.160867363 0.386972308 -0.048984610 0.920789540 8.379089355
0.915627718 0.007991722 -0.401951432 -1.154086828 0.022096343 0.997291148 0.070162542 0.169871032 0.401423067 -0.073124528 0.912969112 8.467349052
0.923153341 0.011403931 -0.384266526 -1.158751965 0.018491488 0.997085929 0.074013591 0.163001627 0.383990735 -0.075431868 0.920250773 8.527686119
0.922568560 -0.001203965 -0.385835707 -1.171301603 0.030645216 0.997065425 0.070163675 0.166316688 0.384618521 -0.076554596 0.919894218 8.643125534
0.929550052 -0.007817880 -0.368617982 -1.176239967 0.031832106 0.997744620 0.059109930 0.165241867 0.367324322 -0.066679306 0.927698433 8.750887871
0.943486273 0.006349975 -0.331355989 -1.179543376 0.014444042 0.998079419 0.060253054 0.169446826 0.331102014 -0.061633825 0.941578567 8.858381271
0.950199962 0.001828212 -0.311641753 -1.180989385 0.018878423 0.997809589 0.063413389 0.178534567 0.311074853 -0.066138461 0.948080122 8.889389038
0.944038808 -0.039093368 -0.327512980 -1.191618681 0.064108133 0.995763600 0.065927975 0.184947193 0.323548585 -0.083234370 0.942542613 9.013979912
0.927634954 -0.046057269 -0.370640785 -1.199038506 0.071056344 0.996006548 0.054070204 0.187236845 0.366670460 -0.076493353 0.927200019 9.115602493
0.912558079 -0.021011714 -0.408410102 -1.207570553 0.047962468 0.997286677 0.055858642 0.179252833 0.406128377 -0.070562005 0.911086500 9.209354401
0.910668910 -0.008753730 -0.413047224 -1.207509518 0.033463728 0.998054266 0.052626304 0.175457954 0.411782980 -0.061746798 0.909186602 9.250864983
0.917527437 0.005397426 -0.397639960 -1.213086367 0.017819386 0.998346388 0.054668345 0.167450666 0.397277474 -0.057244908 0.915911078 9.310217857
0.926159382 0.006368166 -0.377083004 -1.212782860 0.014474034 0.998521447 0.052412987 0.164162755 0.376859277 -0.054000296 0.924694657 9.359375000
0.912463248 -0.027005071 -0.408270419 -1.216352463 0.052899811 0.997232020 0.052266061 0.161697805 0.405728817 -0.069287807 0.911363006 9.453204155
0.901286840 -0.019241547 -0.432799429 -1.223747969 0.042938035 0.998062789 0.045044273 0.163098887 0.431094050 -0.059180927 0.900363743 9.547863960
0.894199252 -0.014323288 -0.447443724 -1.224150896 0.034157533 0.998758256 0.036291063 0.167947724 0.446368039 -0.047734559 0.893575072 9.585491180
0.899576783 -0.018079408 -0.436392397 -1.233428001 0.028717345 0.999430001 0.017792104 0.173251390 0.435821354 -0.028537165 0.899580002 9.687069893
0.892514765 -0.009953795 -0.450912029 -1.245190144 0.014271924 0.999879777 0.006177208 0.180684954 0.450795829 -0.011948392 0.892546773 9.781955719
0.896091044 0.010704482 -0.443744749 -1.255756140 -0.013185930 0.999910712 -0.002506273 0.191662833 0.443677872 0.008097243 0.896149158 9.883677483
0.906410813 -0.000073147 -0.422401488 -1.261335850 0.000515971 1.000000238 0.000934051 0.201619297 0.422401041 -0.001064421 0.906407833 9.935602188
0.918570220 0.007400587 -0.395193219 -1.276848555 0.000049514 0.999822080 0.018839402 0.204807386 0.395262629 -0.017324390 0.918404937 10.042043686
0.922423363 0.021011077 -0.385613024 -1.292475462 -0.000456302 0.998576939 0.053319208 0.213277757 0.386184871 -0.049006440 0.921118736 10.143434525
0.879025817 0.002553476 -0.476770937 -1.312491894 0.034385387 0.997041762 0.068737365 0.216981232 0.475536317 -0.076815292 0.876336098 10.294378281
0.874337256 -0.006891877 -0.485274792 -1.324427366 0.059251092 0.993935883 0.092639714 0.213975966 0.481692612 -0.109750740 0.869439900 10.402260780
0.829327881 -0.006035759 -0.558733642 -1.401100159 0.070798814 0.993018329 0.094359703 0.227580249 0.554262280 -0.117812432 0.823961437 10.812229156
0.833305120 0.012506852 -0.552675962 -1.408898830 0.042761233 0.995290875 0.086997189 0.235879660 0.551160634 -0.096127652 0.828842878 10.854932785
0.838311315 -0.019855447 -0.544831336 -1.439218998 0.078600295 0.993297994 0.084740765 0.254405379 0.539498150 -0.113862447 0.834252000 10.954149246
0.822274685 0.003603725 -0.569080770 -1.461021423 0.047312569 0.996085286 0.074670516 0.267818362 0.567122817 -0.088323772 0.818883598 11.040433884
0.799228370 0.010561287 -0.600935936 -1.480866432 0.048209049 0.995497525 0.081612386 0.280228853 0.599093020 -0.094196916 0.795119166 11.125256538
0.794017076 0.012392910 -0.607770562 -1.494131565 0.055262830 0.994180799 0.092470273 0.284497797 0.605380416 -0.107009411 0.788709998 11.174245834
0.792894781 0.027213359 -0.608751476 -1.497223377 0.036593340 0.995073199 0.092144750 0.288281798 0.608261466 -0.095336489 0.787991405 11.215419769
0.785937965 0.026184900 -0.617751598 -1.500887394 0.033661872 0.995809555 0.085035346 0.295110583 0.617390931 -0.087626576 0.781761646 11.261352539
0.763532043 0.017968006 -0.645520866 -1.511057377 0.062935241 0.992784381 0.102073856 0.300054014 0.642698467 -0.118562073 0.756890416 11.347665787
0.749864876 0.007105092 -0.661553860 -1.520821571 0.080702730 0.991493165 0.102123372 0.302152336 0.656652927 -0.129967496 0.742910922 11.430805206
0.739061058 -0.002913378 -0.673633575 -1.525994778 0.085894719 0.992236316 0.089944959 0.299207091 0.668142557 -0.124335632 0.733570874 11.469324112
0.772943437 0.001119924 -0.634475708 -1.533854961 0.074750736 0.992873788 0.092815876 0.298079967 0.630059063 -0.119168259 0.767349005 11.552429199
0.788127661 -0.009950839 -0.615433156 -1.548750401 0.078267299 0.993373454 0.084166959 0.295683682 0.610518336 -0.114501931 0.783681452 11.636795044
0.785487652 -0.023535304 -0.618431389 -1.569473743 0.089158446 0.993156075 0.075445592 0.298490226 0.612424493 -0.114399210 0.782207966 11.719192505
0.783989608 -0.026739113 -0.620198607 -1.579453468 0.093294509 0.992799878 0.075129934 0.302923083 0.613724649 -0.116761960 0.780838013 11.763404846
0.774760723 -0.052599661 -0.630063593 -1.597350597 0.143401340 0.985181808 0.094088376 0.306058764 0.615778744 -0.163247779 0.770821750 11.801527023
0.769074559 -0.039495215 -0.637938499 -1.615952015 0.140091330 0.984235704 0.107954383 0.304329395 0.623618960 -0.172394499 0.762482285 11.840708733
0.757419944 0.020501524 -0.652606905 -1.656642914 0.076173387 0.989906907 0.119505219 0.304614425 0.648471057 -0.140226513 0.748212218 11.914157867
0.701348066 0.038176250 -0.711796761 -1.697065830 0.072912350 0.989485025 0.124911882 0.301986873 0.709081709 -0.139505625 0.691188276 11.984752655
0.680046082 0.052787498 -0.731267333 -1.718569756 0.068989210 0.988371909 0.135503918 0.302255630 0.729917765 -0.142598361 0.668494880 12.018130302
0.646382809 0.079376161 -0.758874059 -1.755805969 0.042092379 0.989350200 0.139336288 0.304802179 0.761852860 -0.122007161 0.636155784 12.086612701
0.606465161 0.062976576 -0.792612970 -1.789571285 0.078152537 0.987309456 0.138244063 0.310901046 0.791261137 -0.145784661 0.593845785 12.163145065
0.577713192 0.075718686 -0.812721074 -1.834628105 0.096923515 0.982279539 0.160412639 0.323407292 0.810465991 -0.171444073 0.560135722 12.269905090
0.554320931 0.083172247 -0.828137755 -1.868470669 0.092553541 0.982663870 0.160643041 0.330471158 0.827143073 -0.165694445 0.537011743 12.341520309
0.526588559 0.091140613 -0.845221341 -1.900008678 0.092999309 0.982093871 0.163839728 0.339284122 0.845020533 -0.164880618 0.508681893 12.406546593
0.475993186 0.077232353 -0.876051903 -1.932244301 0.086536832 0.987189353 0.134048805 0.345998764 0.875183105 -0.139616579 0.463210344 12.471110344
0.468562931 0.076765783 -0.880089283 -1.951509476 0.071328670 0.989677787 0.124300107 0.350819945 0.880547881 -0.121017523 0.458248943 12.501350403
0.454847842 0.087020040 -0.886307895 -1.968728542 0.050165039 0.991131008 0.123056129 0.354167521 0.889157772 -0.100432791 0.446447462 12.536370277
0.448958486 0.085859671 -0.889418244 -1.987050533 0.062195234 0.989956260 0.126959726 0.362733960 0.891388059 -0.112316743 0.439107955 12.565959930
0.397971153 0.093244158 -0.912647367 -2.027111053 0.067411728 0.989159763 0.130456939 0.372811854 0.914920330 -0.113440469 0.387370050 12.619441032
0.376151472 0.115319788 -0.919354200 -2.068246841 0.034168139 0.989823401 0.138138860 0.379960775 0.925930500 -0.083373122 0.368381888 12.668180466
0.364260495 0.126889661 -0.922612667 -2.093541145 0.025644066 0.988932312 0.146135300 0.384098589 0.930946469 -0.076889992 0.356973529 12.689876556
0.322478443 0.139348835 -0.936262906 -2.131972551 0.021776695 0.987750709 0.154512554 0.386248469 0.946327806 -0.070215479 0.315492809 12.742544174
0.278677166 0.140882149 -0.949994802 -2.174796104 0.007998124 0.988807142 0.148984239 0.392796606 0.960353017 -0.049116388 0.274430186 12.797313690
0.234596312 0.138123617 -0.962229192 -2.195842028 0.028640337 0.988441885 0.148868918 0.396770179 0.971672416 -0.062482432 0.227927685 12.822781563
0.190095097 0.143532559 -0.971216857 -2.233532667 0.024413148 0.988258362 0.150829524 0.403024435 0.981462657 -0.052382227 0.184358418 12.870779037
0.160787925 0.160620734 -0.973831594 -2.273445606 0.046525665 0.984338999 0.170035765 0.407439649 0.985892355 -0.072647616 0.150796115 12.918807983
0.131477654 0.154799357 -0.979158044 -2.313861370 0.055046666 0.985068619 0.163125336 0.413888991 0.989790201 -0.075346544 0.120992593 12.959370613
0.111891739 0.156187847 -0.981368899 -2.330064774 0.077697292 0.983171701 0.165334150 0.417862833 0.990679264 -0.094748810 0.097873017 12.983613014
0.101850495 0.155653521 -0.982546389 -2.351096153 0.091971874 0.981979132 0.165097818 0.420273542 0.990540028 -0.107181489 0.085698858 13.002513885
0.086839981 0.145769775 -0.985499501 -2.375078678 0.091987990 0.983836830 0.153630003 0.421503007 0.991967142 -0.103994787 0.072026789 13.021277428
0.042339578 0.131388962 -0.990425766 -2.426487446 0.089910358 0.986791432 0.134750798 0.423969477 0.995050311 -0.094754443 0.029966563 13.057560921
0.033579804 0.124168098 -0.991692424 -2.481263876 0.055701900 0.990477264 0.125902653 0.428335398 0.997883439 -0.059466459 0.026343055 13.079398155
-0.005731134 0.143739551 -0.989598453 -2.521224022 0.048195656 0.988504231 0.143302187 0.432791591 0.998822987 -0.046872906 -0.012592647 13.101774216
-0.015125876 0.133202374 -0.990972698 -2.547513485 0.010970312 0.991048813 0.133045569 0.434013784 0.999826908 -0.008858696 -0.016451657 13.109796524
-0.065077052 0.137455031 -0.988367379 -2.595238686 -0.010187913 0.990323722 0.138398409 0.438094169 0.997829556 0.019076267 -0.063046746 13.118990898
-0.110496365 0.139632285 -0.984018445 -2.641119480 -0.014697699 0.989743412 0.142095715 0.442901850 0.993769526 0.030164242 -0.107310854 13.125917435
-0.155556932 0.151743427 -0.976102233 -2.679213285 -0.034562808 0.986690223 0.158897445 0.450008363 0.987222731 0.058454663 -0.148242027 13.141954422
-0.178855002 0.158215851 -0.971070588 -2.700127125 -0.036209133 0.985258937 0.167196453 0.455138206 0.983209610 0.065065771 -0.170489803 13.148398399
-0.246581495 0.170034274 -0.954088807 -2.743313313 -0.017965030 0.983517051 0.179921627 0.465653092 0.968956172 0.061506007 -0.239462823 13.156006813
-0.326252252 0.141679451 -0.934604704 -2.788063288 -0.033241600 0.986373067 0.161131054 0.470967054 0.944699764 0.083637521 -0.317096293 13.163053513
-0.373956919 0.166301966 -0.912414193 -2.823465824 -0.000423097 0.983761549 0.179479450 0.475968182 0.927447677 0.067503922 -0.367813677 13.167965889
-0.389727831 0.151224613 -0.908428967 -2.840092659 -0.007350297 0.985883355 0.167271525 0.477111816 0.920902610 0.071867868 -0.383114159 13.171842575
-0.400981903 0.144616887 -0.904598773 -2.877472401 0.015832048 0.988407314 0.150997266 0.480794787 0.915951133 0.046225842 -0.398622721 13.175028801
-0.397583842 0.153278798 -0.904672563 -2.910240650 0.056779400 0.988168955 0.142472118 0.481006742 0.915809453 0.005278009 -0.401582718 13.178085327
-0.416457206 0.122205153 -0.900904477 -2.945682764 0.069722205 0.992299736 0.102372438 0.477548271 0.906479836 -0.020179225 -0.421770453 13.174565315
-0.425592750 0.112784848 -0.897858620 -2.963848352 0.083827466 0.992850065 0.084982164 0.476260960 0.901025474 -0.039097108 -0.432003975 13.171680450
-0.447713047 0.082669996 -0.890346766 -2.994691849 0.075033240 0.995678604 0.054719038 0.458615243 0.891024351 -0.042306967 -0.451980621 13.160775185
-0.452475160 0.070778832 -0.888963282 -3.041024923 0.090039819 0.995377302 0.033421651 0.470215946 0.887220860 -0.064919531 -0.456755459 13.143139839
-0.450242281 0.047503002 -0.891641378 -3.105577707 0.059990585 0.997936904 0.022872746 0.459086448 0.890889823 -0.043191545 -0.452162355 13.099217415
-0.464276582 0.042919271 -0.884648979 -3.102233887 0.053563643 0.998357534 0.020324588 0.468978584 0.884070098 -0.037948597 -0.465812117 13.106407166
-0.483476251 0.040402472 -0.874424219 -3.125527382 0.046409953 0.998712540 0.020484870 0.481678039 0.874127209 -0.030678436 -0.484728396 13.085172653
-0.524152815 0.039379187 -0.850712895 -3.172678947 0.038149290 0.999013364 0.022739317 0.483106077 0.850770414 -0.020535618 -0.525137603 13.062448502
-0.530414879 0.037418358 -0.846911669 -3.225806713 0.017755296 0.999296069 0.033031300 0.492005825 0.847554088 0.002482748 -0.530704498 13.029711723
-0.553176880 0.041970357 -0.832005799 -3.269732714 0.029210925 0.999092698 0.030977737 0.503187716 0.832553625 -0.007167748 -0.553899646 13.006437302
-0.569908679 0.045482058 -0.820448101 -3.318349361 0.032621574 0.998931766 0.032716747 0.516895175 0.821062088 -0.008119287 -0.570782423 12.978048325
-0.587841749 0.058827739 -0.806833923 -3.338524342 0.050287869 0.998080492 0.036133550 0.524845481 0.807413399 -0.019333623 -0.589670479 12.967634201
-0.609421730 0.066674203 -0.790037513 -3.360158920 0.050476845 0.997698486 0.045262832 0.531336248 0.791239858 -0.012294785 -0.611383557 12.951874733
-0.626348972 0.071297109 -0.776276290 -3.382816792 0.049123544 0.997439027 0.051974051 0.536191583 0.777996004 -0.005580075 -0.628245592 12.936476707
-0.677047312 0.086348668 -0.730856717 -3.423003674 0.063918829 0.996239007 0.058490220 0.544944048 0.733160853 -0.007115334 -0.680018961 12.901906013
-0.701735854 0.085798867 -0.707252800 -3.461330891 0.063102104 0.996305048 0.058255162 0.548951983 0.709639907 -0.003749871 -0.704555452 12.869009018
-0.700855255 0.094203144 -0.707056344 -3.479130268 0.069499150 0.995542407 0.063749664 0.550557017 0.709912419 -0.004461123 -0.704276919 12.851650238
-0.701424479 0.100780115 -0.705582917 -3.512942314 0.074307077 0.994897962 0.068235658 0.545231342 0.708861649 -0.004567996 -0.705333233 12.821925163
-0.689126968 0.093304433 -0.718609035 -3.545067310 0.061614513 0.995628953 0.070186816 0.542465389 0.722018540 0.004090630 -0.691862345 12.787305832
-0.691515684 0.111204751 -0.713750362 -3.568656445 0.099718884 0.993314803 0.058150489 0.548237801 0.715447426 -0.030962817 -0.697980940 12.741788864
-0.704403639 0.099882059 -0.702736974 -3.578081131 0.100618251 0.994102776 0.040438872 0.549346089 0.702634215 -0.042222984 -0.710298479 12.716754913
-0.707232893 0.085815661 -0.701753139 -3.597599030 0.075712241 0.996090531 0.045506828 0.552061677 0.702916920 -0.020947494 -0.710964143 12.661382675
-0.754691899 0.082869358 -0.650824249 -3.615688324 0.071289308 0.996474743 0.044215370 0.556424618 0.652196705 -0.013027431 -0.757938623 12.601119995
-0.807303250 0.087947696 -0.583546460 -3.629982471 0.072465487 0.996122301 0.049877245 0.561339855 0.585672855 -0.002020686 -0.810545683 12.540213585
-0.824418783 0.080256090 -0.560260892 -3.636562824 0.058644671 0.996679485 0.056478012 0.562229872 0.562935948 0.013705440 -0.826387584 12.512239456
-0.846336186 0.072239831 -0.527729690 -3.642511845 0.049632598 0.997145414 0.056901444 0.562812209 0.530335426 0.021965452 -0.847503722 12.481521606
-0.896740735 0.053114779 -0.439359337 -3.666186810 0.036646817 0.998274207 0.045887347 0.566115737 0.441040397 0.025048232 -0.897138119 12.411867142
-0.917947710 0.056460127 -0.392663896 -3.683776379 0.044888698 0.998245716 0.038598668 0.573891044 0.394156218 0.017805686 -0.918871045 12.362515450
-0.931614637 0.060557101 -0.358368188 -3.693189383 0.051862091 0.998080611 0.033836462 0.577858686 0.359731048 0.012936862 -0.932966232 12.339015007
-0.945820153 0.056030765 -0.319821239 -3.712060928 0.046130985 0.998194635 0.038454238 0.585691333 0.321400136 0.021617185 -0.946696520 12.291672707
-0.961173296 0.067112029 -0.267661452 -3.728260994 0.056993414 0.997341216 0.045407262 0.587789893 0.269998968 0.028389562 -0.962441921 12.235445976
-0.974443078 0.070557982 -0.213275895 -3.744086742 0.063595586 0.997200668 0.039339833 0.590292454 0.215455294 0.024770778 -0.976199389 12.196159363
-0.976634324 0.079696491 -0.199594721 -3.751350641 0.073454686 0.996555924 0.038496688 0.589697480 0.201976150 0.022935776 -0.979121745 12.173675537
-0.978640676 0.089015305 -0.185319260 -3.766504765 0.084986210 0.995943427 0.029587729 0.583515882 0.187202007 0.013205905 -0.982232511 12.123190880
-0.977025211 0.095526174 -0.190527931 -3.785170555 0.090649076 0.995297134 0.034171019 0.576447248 0.192896917 0.016114485 -0.981086552 12.059320450
-0.969973564 0.120469466 -0.211285964 -3.798797369 0.110659361 0.992181063 0.057701357 0.579937816 0.216586456 0.032587703 -0.975719154 12.009284019
-0.970056355 0.130147681 -0.205074534 -3.803395033 0.119892530 0.990865946 0.061718598 0.577239752 0.211235031 0.035283156 -0.976798058 11.981026649
-0.969603300 0.090163790 -0.227471486 -3.816159487 0.078312144 0.995083213 0.060620721 0.572348535 0.231820047 0.040963985 -0.971895516 11.921072006
-0.967057168 0.087843850 -0.238928884 -3.826458931 0.068810776 0.993838370 0.086884499 0.570098817 0.245090052 0.067581162 -0.967141926 11.853384018
-0.970243812 0.059195623 -0.234789342 -3.830102444 0.037300214 0.994621396 0.096628778 0.566651940 0.239247352 0.084995255 -0.967230976 11.794682503
-0.975246787 0.042266041 -0.217049018 -3.832570553 0.022755347 0.995534122 0.091619082 0.564850211 0.219952926 0.084411815 -0.971851170 11.763443947
