0.999887109 0.011590480 -0.009580241 0.103368647 -0.011658800 0.999906898 -0.007109790 -0.028757162 0.009496886 0.007220821 0.999928951 -0.351047844
0.999884963 0.011708681 -0.009661160 0.103621222 -0.011783578 0.999900818 -0.007735159 -0.028630430 0.009569586 0.007848246 0.999923527 -0.351379633
0.999885440 0.011879659 -0.009404724 0.102584176 -0.011958004 0.999894023 -0.008321441 -0.029200038 0.009304823 0.008433083 0.999921262 -0.349529147
0.999886036 0.011766462 -0.009476631 0.103136368 -0.011845980 0.999894798 -0.008382069 -0.028738718 0.009376961 0.008493508 0.999920070 -0.350956768
0.999885142 0.011800617 -0.009524174 0.102983624 -0.011877338 0.999897182 -0.008041296 -0.029930592 0.009428255 0.008153636 0.999922454 -0.350843310
0.999887407 0.011695093 -0.009424129 0.102797493 -0.011770785 0.999898612 -0.008018291 -0.029706480 0.009329353 0.008128459 0.999923527 -0.350419641
0.999885499 0.011831960 -0.009457300 0.102781899 -0.011908400 0.999896586 -0.008069310 -0.030274536 0.009360800 0.008181148 0.999922872 -0.349757224
0.999887466 0.011632356 -0.009492180 0.102717586 -0.011709901 0.999898195 -0.008156780 -0.029828383 0.009396286 0.008267157 0.999921858 -0.350123018
0.999889672 0.011493046 -0.009434835 0.102658413 -0.011571862 0.999898374 -0.008344300 -0.028720062 0.009337928 0.008452684 0.999920845 -0.350604892
0.999891758 0.011256192 -0.009496519 0.102533214 -0.011335691 0.999900877 -0.008361762 -0.028510448 0.009401409 0.008468633 0.999920130 -0.350239694
0.999896586 0.010907834 -0.009398411 0.102250569 -0.010986483 0.999904871 -0.008359951 -0.027980790 0.009306281 0.008462466 0.999921083 -0.350856453
0.999890327 0.011393212 -0.009477281 0.102617435 -0.011468879 0.999902606 -0.007971636 -0.029868405 0.009385484 0.008079588 0.999923408 -0.350784004
0.999889731 0.011537691 -0.009374066 0.102164127 -0.011610627 0.999902666 -0.007766977 -0.029969649 0.009283490 0.007875091 0.999926031 -0.349994212
0.999890029 0.011456287 -0.009439146 0.102378815 -0.011528152 0.999904871 -0.007597748 -0.029761428 0.009351155 0.007705860 0.999926686 -0.350627989
0.999888420 0.011588634 -0.009450605 0.103110991 -0.011664905 0.999899626 -0.008057799 -0.028110040 0.009356231 0.008167266 0.999923050 -0.351281971
0.999887705 0.011614420 -0.009490550 0.103004247 -0.011681497 0.999907076 -0.007047158 -0.029005244 0.009407773 0.007157374 0.999930203 -0.350715011
0.999884605 0.011933018 -0.009428781 0.103054591 -0.012004431 0.999899626 -0.007558080 -0.029445633 0.009337597 0.007670538 0.999927044 -0.349841267
0.999885857 0.011852439 -0.009391848 0.102768682 -0.011916080 0.999906421 -0.006753313 -0.029858295 0.009310880 0.006864601 0.999933124 -0.349911898
0.999886632 0.011753967 -0.009432442 0.102961138 -0.011823157 0.999903500 -0.007317413 -0.029365195 0.009345477 0.007428248 0.999928832 -0.350080609
0.999887526 0.011669032 -0.009435518 0.103075743 -0.011736192 0.999906123 -0.007097356 -0.029026285 0.009351762 0.007207427 0.999930501 -0.350785494
0.999889910 0.011434758 -0.009470440 0.102769628 -0.011505423 0.999906301 -0.007444392 -0.029671390 0.009384379 0.007552667 0.999927580 -0.350255042
0.999890387 0.011465922 -0.009392384 0.102824934 -0.011537687 0.999904513 -0.007624533 -0.028345756 0.009304018 0.007732189 0.999926984 -0.351905316
0.999888539 0.011637508 -0.009378319 0.102858521 -0.011710012 0.999901772 -0.007715864 -0.028315911 0.009287558 0.007824950 0.999926448 -0.351479292
0.999888003 0.011671304 -0.009384429 0.102891825 -0.011746719 0.999898911 -0.008024685 -0.029354231 0.009289768 0.008134163 0.999923944 -0.350923389
0.999890745 0.011466607 -0.009349624 0.102665126 -0.011537816 0.999904692 -0.007601375 -0.029179087 0.009261517 0.007708560 0.999927521 -0.350774258
0.999885321 0.011838146 -0.009469872 0.103005223 -0.011907319 0.999902785 -0.007284927 -0.030398522 0.009382660 0.007396984 0.999928832 -0.350422055
0.999888420 0.011580295 -0.009453782 0.102708921 -0.011654905 0.999901175 -0.007878710 -0.030170796 0.009361558 0.007988146 0.999924421 -0.350125790
0.999884605 0.011893271 -0.009467925 0.102867261 -0.011967086 0.999898255 -0.007781583 -0.030340163 0.009374361 0.007894121 0.999925077 -0.350603551
0.999888062 0.011641531 -0.009418977 0.102801189 -0.011718359 0.999898136 -0.008145042 -0.029079150 0.009323152 0.008254646 0.999922752 -0.350815624
0.999889433 0.011598727 -0.009325212 0.102591388 -0.011675593 0.999897957 -0.008233277 -0.029419996 0.009228719 0.008341387 0.999922931 -0.350885123
0.999886990 0.011754137 -0.009397260 0.102637261 -0.011832304 0.999895513 -0.008308352 -0.029194236 0.009298575 0.008418746 0.999921560 -0.350620061
0.999887049 0.011759576 -0.009380185 0.102429852 -0.011834672 0.999898076 -0.007994013 -0.030769896 0.009285173 0.008104253 0.999924183 -0.349371374
0.999888062 0.011633672 -0.009417287 0.102654949 -0.011711202 0.999897778 -0.008222155 -0.029122539 0.009320627 0.008331656 0.999922037 -0.350735962
0.999889374 0.011585672 -0.009339515 0.102562770 -0.011662638 0.999898255 -0.008231187 -0.029532306 0.009243159 0.008339333 0.999922693 -0.350369632
0.999891400 0.011467574 -0.009272804 0.102054313 -0.011543333 0.999900281 -0.008160383 -0.029373512 0.009178256 0.008266671 0.999923885 -0.350516737
0.999882698 0.011946936 -0.009602617 0.103158407 -0.012025054 0.999894917 -0.008122156 -0.030526513 0.009504521 0.008236808 0.999921083 -0.350092113
0.999886692 0.011781603 -0.009404030 0.102781683 -0.011858612 0.999896467 -0.008178011 -0.030274717 0.009306654 0.008288745 0.999922574 -0.350322664
0.999889374 0.011474191 -0.009502321 0.103025772 -0.011551683 0.999900341 -0.008142916 -0.029158341 0.009407890 0.008251925 0.999921918 -0.351276904
0.999887824 0.011617137 -0.009489830 0.102893464 -0.011697740 0.999895751 -0.008488338 -0.028574038 0.009390134 0.008598795 0.999919176 -0.350357682
0.999887109 0.011636851 -0.009541386 0.102912650 -0.011718217 0.999895215 -0.008525845 -0.028413067 0.009441049 0.008636931 0.999918282 -0.350685865
0.999887228 0.011562933 -0.009621090 0.103001021 -0.011642518 0.999898255 -0.008268858 -0.028627858 0.009524334 0.008380173 0.999919593 -0.350835949
0.999887109 0.011628354 -0.009554022 0.102951325 -0.011707230 0.999897599 -0.008255526 -0.028556652 0.009456843 0.008366941 0.999920428 -0.351104289
0.999888182 0.011420745 -0.009663570 0.102645531 -0.011500807 0.999899566 -0.008315129 -0.028875805 0.009567047 0.008425502 0.999918878 -0.349921823
1.000000119 0.000000021 -0.000000043 0.000000022 0.000000021 1.000000119 0.000000001 -0.000000004 -0.000000043 0.000000001 1.000000358 -0.000000149
0.999974966 0.000220097 0.007087156 -0.000284696 -0.000216470 0.999999940 -0.000506915 0.000960887 -0.007087345 0.000505366 0.999975085 -0.000026092
0.999760926 0.000398031 0.021868024 0.001105232 -0.000372145 0.999999344 -0.001185994 0.000161667 -0.021868562 0.001177570 0.999760509 0.003177883
0.999755263 0.000422284 0.022123989 0.000533520 -0.000400339 0.999999523 -0.000994505 -0.000136700 -0.022124479 0.000985402 0.999755085 0.001562614
0.999756515 0.000560835 0.022063516 0.001077092 -0.000539791 0.999999583 -0.000957325 -0.001793434 -0.022064110 0.000945169 0.999756277 0.003656922
0.999661565 0.000462543 0.026015596 0.001169283 -0.000439806 0.999999642 -0.000877648 -0.001779660 -0.026016062 0.000865896 0.999661326 0.003802402
0.999625623 0.001250649 0.027338805 0.001318410 -0.001232473 0.999999225 -0.000679746 -0.001742333 -0.027339701 0.000645785 0.999626160 0.003712177
0.999379516 0.001507633 0.035192672 0.002235343 -0.001478862 0.999998689 -0.000842005 -0.001320993 -0.035193961 0.000789425 0.999380410 0.002637596
0.999256313 0.000594746 0.038587451 0.000516623 -0.000555117 1.000000238 -0.001033153 -0.000771662 -0.038588427 0.001010958 0.999253929 0.003453004
0.999205470 0.000706880 0.039879281 0.000755426 -0.000678625 1.000000477 -0.000717617 -0.000610727 -0.039880157 0.000689978 0.999203622 0.003718406
0.999183357 0.000639827 0.040432975 0.001598208 -0.000622015 1.000000715 -0.000448774 -0.000203238 -0.040433638 0.000423252 0.999181449 0.002867196
0.998983085 0.001455840 0.045090497 0.001711470 -0.001426140 0.999999702 -0.000686914 -0.000982953 -0.045091808 0.000621905 0.998982012 0.004564743
0.998530924 0.000514917 0.054237910 0.001051732 -0.000469081 1.000001550 -0.000851192 -0.001894280 -0.054239187 0.000824504 0.998525321 0.005780038
0.997037649 0.001634437 0.076937363 0.004037254 -0.001611948 1.000000596 -0.000349713 -0.004010912 -0.076938570 0.000224665 0.997033477 0.010852225
0.996379375 -0.000032359 0.085032731 -0.000043232 0.000131691 1.000000238 -0.001160486 -0.000859758 -0.085032925 0.001167475 0.996376753 0.008177531
0.994920194 -0.000022044 0.100678645 0.001842957 0.000183033 0.999999642 -0.001588060 -0.001687102 -0.100678727 0.001598413 0.994916975 0.010427762
0.994961798 0.000835471 0.100280143 0.003922163 -0.000675164 1.000000715 -0.001628675 -0.000624797 -0.100282140 0.001552798 0.994955778 0.007561866
0.994885266 0.001250644 0.101032265 0.003115865 -0.001149152 1.000001073 -0.001058932 -0.002445091 -0.101034254 0.000937453 0.994880438 0.007144922
0.994534612 0.000161957 0.104434811 0.002403651 -0.000342159 1.000000715 0.001711284 -0.000631654 -0.104435138 -0.001737606 0.994528115 0.004493382
0.993985295 -0.000485946 0.109539203 0.004956785 -0.001039520 0.999905527 0.013872226 0.002300406 -0.109536067 -0.013902508 0.993883550 0.004011272
0.993748784 -0.000993017 0.111675508 0.003099427 -0.000457853 0.999918520 0.012969928 -0.000605936 -0.111679919 -0.012939817 0.993656695 0.009746363
0.992686093 -0.002368154 0.120737791 -0.001051473 0.001520348 0.999976337 0.007117623 0.001306610 -0.120752320 -0.006881901 0.992655575 0.013032363
0.991600573 -0.001657667 0.129362181 -0.001734324 0.001478196 1.000000596 0.001487170 0.000261784 -0.129365161 -0.001283417 0.991592884 0.014684299
0.990858018 -0.002159654 0.134924635 -0.004421314 0.001870017 0.999998331 0.002277012 -0.002049742 -0.134929717 -0.002003835 0.990849853 0.018630736
0.990386903 0.002160996 0.138338715 0.002014647 -0.002793703 0.999989629 0.004383400 0.000095919 -0.138328195 -0.004727681 0.990371585 0.014081328
0.988978028 0.000490015 0.148090780 0.002133366 -0.001277046 0.999988616 0.005223021 0.001514902 -0.148086831 -0.005354502 0.988956332 0.012794177
0.988153696 0.000700246 0.153493524 0.000817387 -0.002741803 0.999913573 0.013092784 0.000775393 -0.153471306 -0.013358377 0.988059223 0.016688189
0.991443694 0.001287155 0.130561128 -0.005210075 -0.000728669 0.999993443 -0.004321286 0.002324986 -0.130566344 0.004189140 0.991427124 0.022454640
0.992780387 0.001817767 0.119974770 -0.006682637 0.000163093 0.999867916 -0.016493455 -0.001352809 -0.119990058 0.016393794 0.992635429 0.025654519
0.994411945 0.001988117 0.105597794 -0.017829316 0.002136245 0.999244034 -0.038923912 -0.002144756 -0.105596654 0.038931541 0.993642330 0.033834450
0.995241761 0.003224378 0.097435616 -0.024554197 0.001451657 0.998856246 -0.047875680 0.000458253 -0.097479999 0.047788747 0.994085193 0.037663687
0.997026145 -0.002889032 0.077076055 -0.031620033 0.006939373 0.998609960 -0.052325934 0.001130739 -0.076819465 0.052704558 0.995646715 0.043781649
0.999083936 -0.001100760 0.042816855 -0.033923026 0.003664899 0.998200715 -0.059851345 0.004118501 -0.042674322 0.059953492 0.997288406 0.050047986
0.999841154 0.000818986 0.017891068 -0.051050738 0.000152232 0.998529792 -0.054209948 0.008724879 -0.017909598 0.054204132 0.998369217 0.069632813
0.999565840 0.017478524 -0.023786202 -0.086922377 -0.018393448 0.999077499 -0.038811479 0.013457513 0.023085382 0.039232224 0.998963296 0.103780895
0.999435186 0.023829224 -0.023752449 -0.098353826 -0.024463287 0.999342501 -0.026774412 0.015359262 0.023098579 0.027340490 0.999359429 0.114926077
0.999087393 0.025401013 -0.034380738 -0.112291366 -0.026387980 0.999243915 -0.028566545 0.017154630 0.033628874 0.029447844 0.999000669 0.126051649
0.998109162 0.023644287 -0.056759141 -0.143489018 -0.024781216 0.999504864 -0.019412603 0.024460662 0.056271710 0.020782605 0.998199403 0.150309205
0.998603344 0.009607985 -0.051995475 -0.171019092 -0.009904369 0.999936700 -0.005450580 0.027035324 0.051939141 0.005958298 0.998632669 0.175816596
0.998342156 -0.007303225 -0.057136096 -0.188643500 0.006668742 0.999914765 -0.011293201 0.028152892 0.057212897 0.010893838 0.998302639 0.188514560
0.998165011 -0.010780918 -0.059594050 -0.228285939 0.010252170 0.999904871 -0.009175339 0.032833904 0.059686966 0.008547770 0.998179734 0.217225090
0.999379158 -0.010610636 -0.033613987 -0.267947763 0.010714858 0.999938011 0.002910808 0.033628993 0.033580512 -0.003268859 0.999429762 0.245167062
0.999550521 0.021240823 -0.021244463 -0.309401870 -0.021006623 0.999716580 0.011165502 0.034368858 0.021475019 -0.010713710 0.999710977 0.278783202
0.999087393 0.023889303 -0.035458140 -0.332930863 -0.023928085 0.999712944 -0.000686672 0.033218589 0.035430770 0.001535071 0.999369800 0.297354043
0.998020768 0.025865221 -0.057342649 -0.356038481 -0.026644528 0.999563575 -0.012873513 0.033226375 0.056984209 0.014376161 0.998270750 0.318703294
0.995839238 0.044995070 -0.079261236 -0.379838675 -0.046691723 0.998716772 -0.019688655 0.030938264 0.078273162 0.023307774 0.996658683 0.338393986
0.987111628 0.089320898 -0.132797435 -0.424679935 -0.092347249 0.995586634 -0.016797360 0.024366502 0.130710289 0.028844574 0.991000116 0.377104849
0.977696657 0.098164566 -0.185672998 -0.456569791 -0.102162555 0.994694293 -0.012065277 0.016854316 0.183503687 0.030765137 0.982537091 0.416963130
0.976077139 0.096786477 -0.194698244 -0.468980014 -0.100589134 0.994880259 -0.009716583 0.012205485 0.192761242 0.029068757 0.980814576 0.435943663
0.976448298 0.098704398 -0.191853777 -0.492706716 -0.101824194 0.994781315 -0.006446162 0.004194160 0.190216497 0.025829857 0.981401801 0.473496437
0.979601860 0.102758646 -0.172693133 -0.508969069 -0.107236616 0.994091630 -0.016779222 -0.010161074 0.169948891 0.034956124 0.984832287 0.519124746
0.987117648 0.094628602 -0.129019350 -0.520506859 -0.099235542 0.994619012 -0.029746469 -0.027052015 0.125510514 0.042166691 0.991195381 0.573975384
0.990134537 0.070518434 -0.121089853 -0.526194572 -0.075404502 0.996493697 -0.036247738 -0.035819855 0.118109420 0.045020901 0.991979003 0.602306306
0.993167162 0.039285991 -0.109898731 -0.540670335 -0.043698147 0.998320401 -0.038029786 -0.052827246 0.108220361 0.042572323 0.993214548 0.658412993
0.997431278 0.006136958 -0.071385212 -0.556125879 -0.007288851 0.999847829 -0.015891077 -0.067399517 0.071276411 0.016370399 0.997322619 0.718101442
0.996478319 0.011548378 -0.083067551 -0.567705989 -0.012135010 0.999905348 -0.006565186 -0.080978408 0.082983367 0.007550038 0.996522605 0.746431708
0.993179858 0.035706107 -0.111003458 -0.583499551 -0.037703123 0.999162376 -0.015945986 -0.102054626 0.110340640 0.020022251 0.993692517 0.801177919
0.994370461 0.031697351 -0.101122104 -0.603671193 -0.032728158 0.999428391 -0.008552639 -0.121844508 0.100792803 0.011813944 0.994837642 0.860310793
0.995525837 0.039456472 -0.085872568 -0.626225531 -0.039978042 0.999191701 -0.004365911 -0.139525995 0.085630387 0.007779136 0.996296942 0.927224576
0.996370316 0.029913114 -0.079706095 -0.639869750 -0.030342288 0.999530017 -0.004177857 -0.147053897 0.079543084 0.006581254 0.996809602 0.969129324
0.997760475 0.026450112 -0.061451629 -0.663376391 -0.027503600 0.999487221 -0.016359415 -0.159424335 0.060987070 0.018013006 0.997975886 1.039766550
0.996922553 -0.001060087 -0.078402363 -0.693743706 0.000107846 0.999926805 -0.012149259 -0.158467263 0.078408793 0.012103521 0.996847391 1.115551949
0.991856337 0.024942456 -0.124906801 -0.733732939 -0.025006272 0.999687254 0.001057189 -0.167525455 0.124893516 0.002074985 0.992167354 1.227583289
0.988185406 0.032544665 -0.149780542 -0.761387825 -0.030448280 0.999403894 0.016269213 -0.175689399 0.150219902 -0.011516259 0.988585174 1.312621713
0.987164736 0.037713137 -0.155200779 -0.781502247 -0.032564901 0.998835981 0.035582192 -0.185929775 0.156361490 -0.030071126 0.987241745 1.390981436
0.986507595 0.024865502 -0.161827669 -0.788993120 -0.018496389 0.998998165 0.040745903 -0.191111475 0.162678197 -0.037202593 0.985977352 1.428802252
0.987791538 0.028803710 -0.153108314 -0.797099233 -0.018610846 0.997539163 0.067594133 -0.198986948 0.154678032 -0.063919038 0.985894680 1.481599092
0.983327031 0.049489126 -0.174989849 -0.806994259 -0.038565572 0.997121155 0.065283962 -0.207955450 0.177717388 -0.057446681 0.982403576 1.589298606
0.981117785 0.045303512 -0.188037843 -0.811533570 -0.033220697 0.997205138 0.066919334 -0.210289121 0.190544516 -0.059408762 0.979879439 1.628352761
0.975157440 0.054473430 -0.214717209 -0.817843437 -0.041720767 0.997110188 0.063485950 -0.212481529 0.217555493 -0.052950356 0.974610686 1.665466189
0.965228260 0.063778259 -0.253514498 -0.822793603 -0.050828557 0.997061610 0.057312094 -0.215055019 0.256425172 -0.042433172 0.965632439 1.700631261
0.955979824 0.103657953 -0.274523139 -0.824607968 -0.093008146 0.994330287 0.051567208 -0.220105574 0.278311998 -0.023764059 0.960196972 1.769997716
0.948589981 0.119115673 -0.293246448 -0.826698065 -0.116195545 0.992848754 0.027423400 -0.216064855 0.294415802 0.008060623 0.955643713 1.836561680
0.937668562 0.094196789 -0.334528118 -0.835129023 -0.095392868 0.995356739 0.012891353 -0.205475092 0.334188908 0.019823864 0.942297041 1.897235274
0.941992044 0.101331979 -0.319979787 -0.838012755 -0.103727356 0.994559944 0.009595021 -0.199207097 0.319211185 0.024152303 0.947375119 1.931595325
0.956503808 0.073544398 -0.282304764 -0.847358704 -0.076583087 0.997063637 0.000271169 -0.190778613 0.281495690 0.021360554 0.959324241 2.005277157
0.968155265 0.048591819 -0.245595336 -0.863032937 -0.058075506 0.997814357 -0.031517513 -0.191192389 0.243527010 0.044777025 0.968860030 2.085562944
0.964957476 0.023884743 -0.261322588 -0.896307766 -0.044349313 0.996367216 -0.072697103 -0.180584237 0.258637041 0.081739083 0.962509990 2.217575550
0.976901531 0.044638339 -0.208986759 -0.910100460 -0.059424285 0.996112823 -0.065012820 -0.175058007 0.205272287 0.075930022 0.975754619 2.311995983
0.978895843 0.037394159 -0.200920075 -0.924445152 -0.046576284 0.998065472 -0.041167460 -0.166239291 0.198992074 0.049656898 0.978741765 2.394553423
0.981323242 0.021280216 -0.191190496 -0.939076781 -0.025406733 0.999494255 -0.019159261 -0.155173242 0.190685794 0.023659091 0.981365979 2.515346766
0.981828153 0.029018855 -0.187545359 -0.947274923 -0.030213710 0.999537766 -0.003517486 -0.153560087 0.187356412 0.009120212 0.982249618 2.567551613
0.977095902 0.068585783 -0.201449990 -0.964208961 -0.068292379 0.997630537 0.008412901 -0.148698524 0.201549143 0.005537489 0.979462683 2.674587250
0.970563948 0.052459750 -0.235067338 -0.976117849 -0.047490161 0.998513520 0.026755670 -0.138521433 0.236121759 -0.014804489 0.971610129 2.783422709
0.972991109 0.083321899 -0.215288132 -0.981590927 -0.075427175 0.996151626 0.044643730 -0.135132581 0.218179658 -0.027198927 0.975529075 2.837338686
0.967752993 0.122187063 -0.220290408 -0.997650862 -0.109774470 0.991643012 0.067780301 -0.123324484 0.226731569 -0.041412007 0.973075867 2.939109087
0.971970379 0.125956044 -0.198525578 -1.009842157 -0.110177085 0.989950061 0.088659331 -0.109228253 0.207697213 -0.064300939 0.976076901 3.031978130
0.980603516 0.118321516 -0.156270608 -1.019523144 -0.105982371 0.990720987 0.085089311 -0.105752647 0.164888412 -0.066876657 0.984041870 3.125907898
0.981090426 0.109255239 -0.159777358 -1.024029493 -0.097895272 0.992187202 0.077342115 -0.105310947 0.166978732 -0.060237803 0.984117985 3.172871828
0.984230816 0.086247310 -0.154446945 -1.030825257 -0.077598035 0.995104313 0.061189190 -0.101534352 0.158967733 -0.048239123 0.986103714 3.271768332
0.980243981 0.077206641 -0.182109252 -1.045372009 -0.068461828 0.996199369 0.053835630 -0.088188753 0.185573250 -0.040304143 0.981802881 3.367208004
0.971443713 0.072774246 -0.225841671 -1.053953052 -0.063500069 0.996823251 0.048068922 -0.080694288 0.228622496 -0.032354821 0.972977400 3.453984022
0.970035255 0.081741251 -0.228809312 -1.058648586 -0.076965794 0.996590137 0.029731495 -0.076986760 0.230459318 -0.011229608 0.973017156 3.496854544
0.973441184 0.054553647 -0.222350657 -1.067362428 -0.051856447 0.998493075 0.017953735 -0.071717262 0.222994924 -0.005946271 0.974801362 3.581894875
0.981014252 0.054247651 -0.186201736 -1.075261474 -0.052881688 0.998524845 0.012295595 -0.072501160 0.186594293 -0.002215021 0.982434452 3.671050549
0.984879196 0.051254585 -0.165495753 -1.085851192 -0.049883436 0.998677552 0.012431672 -0.074261397 0.165914282 -0.003987616 0.986132026 3.768595457
0.980152071 0.054677479 -0.190564573 -1.092924356 -0.054132670 0.998501062 0.008065378 -0.075844981 0.190720186 0.002410821 0.981641352 3.819412470
0.971315444 0.067890868 -0.227905750 -1.105034947 -0.070422709 0.997513354 -0.002988638 -0.079029053 0.227136105 0.018953141 0.973678350 3.917178631
0.969169676 0.067336686 -0.237023443 -1.128754139 -0.068662703 0.997637033 0.002663949 -0.060080070 0.236642748 0.013693200 0.971499979 3.963399887
0.949137509 0.130356207 -0.286615282 -1.145275712 -0.127599299 0.991420805 0.028361449 -0.076389298 0.287853181 0.009653411 0.957626462 4.150945663
0.956610024 0.106385499 -0.271261424 -1.152326226 -0.104298331 0.994300127 0.022143092 -0.069022730 0.272070706 0.007110148 0.962251604 4.244558334
0.969548404 0.077078141 -0.232462138 -1.157146454 -0.074926138 0.997024238 0.018086964 -0.058566906 0.233164489 -0.000118182 0.972436786 4.342547894
0.972114027 0.018912748 -0.233752817 -1.171274304 -0.014902212 0.999709427 0.018912103 -0.035761885 0.234042421 -0.014900962 0.972111642 4.493470192
0.967009962 0.046887569 -0.250391006 -1.174536586 -0.042126641 0.998815835 0.024342604 -0.030077413 0.251235694 -0.012990853 0.967838585 4.587627888
0.966595590 0.060417701 -0.249088764 -1.180181503 -0.055903964 0.998119056 0.025161462 -0.029755495 0.250140309 -0.010395497 0.968153417 4.679004669
0.970847726 0.047868896 -0.234874070 -1.183586597 -0.039577272 0.998420119 0.039892957 -0.030969948 0.236412674 -0.029433833 0.971206486 4.721935749
0.975038111 0.048038136 -0.216787308 -1.191808343 -0.036611177 0.997735322 0.056424510 -0.038480252 0.219006687 -0.047078565 0.974587262 4.813265800
0.976895452 0.054810066 -0.206579715 -1.193572998 -0.044100862 0.997450888 0.056096192 -0.041475087 0.209127471 -0.045689270 0.976820707 4.861347675
0.978165090 0.051018804 -0.201479301 -1.195544362 -0.040416550 0.997590303 0.056392197 -0.042569101 0.203870565 -0.047017235 0.977868378 4.910457134
0.970004678 0.029855995 -0.241251305 -1.204095125 -0.020710487 0.998971283 0.040355876 -0.038039327 0.242208108 -0.034148384 0.969622374 5.010973930
0.966665864 0.014719700 -0.255622566 -1.207311630 -0.002699318 0.998876929 0.047310773 -0.033122212 0.256032109 -0.045043305 0.965617716 5.060507774
0.961037219 0.000090819 -0.276424289 -1.212887406 0.017365688 0.998005271 0.060702063 -0.028608710 0.275878400 -0.063136473 0.959115982 5.110056400
0.954747498 0.016251618 -0.296977729 -1.218430281 0.003895232 0.997737586 0.067121789 -0.025003046 0.297396839 -0.065240711 0.952521563 5.158321381
0.953058898 0.044428781 -0.299513191 -1.222103000 -0.025283001 0.997398794 0.067499422 -0.020552993 0.301732838 -0.056757573 0.951700449 5.203586578
0.953642666 0.051361203 -0.296531200 -1.225261807 -0.031374201 0.996927142 0.071775600 -0.014086306 0.299306393 -0.059144270 0.952321231 5.250238895
0.957305849 0.037453946 -0.286645949 -1.232479811 -0.020689677 0.997905254 0.061291918 -0.003268242 0.288340926 -0.052743904 0.956072927 5.343848705
0.959402561 0.036524601 -0.279671460 -1.234993935 -0.024337230 0.998601675 0.046928100 0.001038849 0.280994356 -0.038215932 0.958947062 5.391659260
0.959680319 -0.008848151 -0.280961752 -1.241890430 0.019849095 0.999143541 0.036332533 0.009811714 0.280399203 -0.040443625 0.959031463 5.489955425
0.966241956 0.013182746 -0.257307053 -1.250759006 -0.001169918 0.998905241 0.046784211 0.018291876 0.257641882 -0.044903204 0.965196967 5.591703415
0.958725274 0.012380461 -0.284071237 -1.255203605 0.004689170 0.998228312 0.059330098 0.020781010 0.284302145 -0.058212411 0.956966162 5.691509247
0.962030411 0.025790459 -0.271728307 -1.259196639 -0.008182043 0.997803152 0.065737225 0.016111761 0.272827387 -0.061017036 0.960126042 5.745194435
0.968696296 0.030168977 -0.246416703 -1.263385773 -0.005081393 0.994790018 0.101817019 0.011372328 0.248205334 -0.097376928 0.963800728 5.846662998
0.961077034 0.021224003 -0.275472224 -1.266921997 0.005565155 0.995355546 0.096104786 0.009002507 0.276233137 -0.093896195 0.956492960 5.947478294
0.960522890 0.025688004 -0.277017325 -1.274425626 -0.000992188 0.996037841 0.088921338 0.010624766 0.278204799 -0.085135855 0.956741750 6.057714939
0.961495459 -0.016892418 -0.274306804 -1.278965950 0.045696650 0.994041443 0.098958358 0.016683757 0.271001428 -0.107682869 0.956537068 6.112212181
0.960441053 -0.012056764 -0.278227627 -1.286106825 0.044744603 0.992763758 0.111436523 0.020626426 0.274871618 -0.119477242 0.954029202 6.165388584
0.958340406 -0.000821203 -0.285632551 -1.292250276 0.033699039 0.993336797 0.110207632 0.024433911 0.283639491 -0.115241759 0.951981664 6.218599319
0.946719944 0.033999737 -0.320264578 -1.305391431 -0.001541654 0.994879961 0.101059102 0.027561009 0.322061509 -0.095180646 0.941922307 6.320300102
0.946618140 0.047244132 -0.318882763 -1.319067955 -0.014677793 0.994493961 0.103766575 0.035062850 0.322029948 -0.093546346 0.942096829 6.416888237
0.949568689 0.055284332 -0.308653802 -1.324184418 -0.022390911 0.993777692 0.109113447 0.038277030 0.312766254 -0.096699312 0.944895446 6.466043472
0.948608696 0.056455690 -0.311376035 -1.336064100 -0.029469868 0.995441794 0.090702362 0.045766115 0.315078139 -0.076864660 0.945947230 6.561107159
0.949891746 0.050198693 -0.308523566 -1.345456362 -0.025494017 0.996173739 0.083591059 0.055726528 0.311540008 -0.071536884 0.947535694 6.655039310
0.935076594 0.058904577 -0.349520594 -1.365907907 -0.038095579 0.997083783 0.066119850 0.071655840 0.352396995 -0.048511621 0.934593260 6.794271469
0.926162541 0.060906682 -0.372177601 -1.376710057 -0.042058110 0.997397304 0.058561623 0.082067221 0.374776304 -0.038584355 0.926312745 6.883223534
0.924664319 0.068241820 -0.374622256 -1.382182956 -0.051809482 0.997207999 0.053773154 0.086188763 0.377246648 -0.030312806 0.925617337 6.972736359
0.935558200 0.082460731 -0.343416005 -1.382895231 -0.066470385 0.996095419 0.058098242 0.090473831 0.346866637 -0.031527359 0.937384367 7.070325851
0.936703205 0.063185677 -0.344380558 -1.385109425 -0.044559047 0.997096658 0.061744448 0.093655348 0.347283006 -0.042490989 0.936797261 7.122042179
0.935861528 0.043368243 -0.349693507 -1.387893915 -0.020552428 0.997425973 0.068696178 0.098624349 0.351773411 -0.057103083 0.934341729 7.221947193
0.918487132 0.022842618 -0.394793600 -1.394285440 0.001636614 0.998101711 0.061556961 0.103911459 0.395451277 -0.057185426 0.916704953 7.315267563
0.906386554 0.036628857 -0.420861095 -1.403297305 -0.024137598 0.999096394 0.034970105 0.106406182 0.421762615 -0.021537812 0.906450510 7.403459549
0.904816031 0.029727561 -0.424766421 -1.408681512 -0.022304719 0.999498904 0.022437479 0.108593151 0.425221503 -0.010827586 0.905024529 7.443652153
0.906016588 0.008049373 -0.423170120 -1.422277212 -0.012634106 0.999888718 -0.008030802 0.111966506 0.423059016 0.012622385 0.906014085 7.529397964
0.907076716 -0.003409425 -0.420955986 -1.436774731 -0.019855920 0.998508453 -0.050873403 0.114618331 0.420502156 0.054504298 0.905652761 7.616490364
0.910306692 0.010604469 -0.413804322 -1.471955657 -0.037436672 0.997683704 -0.056787595 0.120305121 0.412244499 0.067185372 0.908592701 7.755524635
0.904237449 0.035033107 -0.425596178 -1.492757797 -0.058911722 0.997333109 -0.043070309 0.128226876 0.422952950 0.064018354 0.903887272 7.854996204
0.907085598 0.043167368 -0.418733090 -1.509070158 -0.049013361 0.998792529 -0.003209800 0.136288449 0.418089628 0.023435030 0.908103347 7.962905407
0.912387311 0.036761206 -0.407678574 -1.516340613 -0.028150396 0.999236465 0.027101230 0.140600115 0.408363938 -0.013250811 0.912722826 8.073251724
0.908158600 0.030262290 -0.417535454 -1.520301223 -0.017170016 0.999237180 0.035076663 0.146292627 0.418278813 -0.024686143 0.907982886 8.132102013
0.890989721 -0.002643805 -0.454020143 -1.522005081 0.023999507 0.998859406 0.041280609 0.154803649 0.453393161 -0.047677036 0.890034199 8.247693062
0.904775679 0.024359910 -0.425194204 -1.523729801 -0.001461407 0.998534501 0.054096214 0.162599355 0.425889134 -0.048323717 0.903484285 8.356160164
0.897832870 0.013315426 -0.440138102 -1.529542923 0.019991411 0.997279406 0.070950076 0.168554783 0.439885736 -0.072500408 0.895122766 8.456305504
0.906347275 0.015868980 -0.422238529 -1.531976700 0.017053390 0.997106433 0.074078619 0.172035962 0.422192574 -0.074341439 0.903452933 8.505518913
0.905142486 0.001400343 -0.425109148 -1.542589188 0.031532060 0.997019649 0.070420444 0.174463809 0.423940808 -0.077145144 0.902398586 8.605406761
0.913015544 -0.005337930 -0.407893121 -1.553404927 0.032731798 0.997649848 0.060208075 0.171112001 0.406613171 -0.068322033 0.911042154 8.710859299
0.928620458 0.007578710 -0.370957583 -1.560976505 0.016344272 0.997986197 0.061301470 0.175605565 0.370675325 -0.062988877 0.926624179 8.809875488
0.935418546 0.005904980 -0.353495061 -1.565179944 0.017506387 0.997860670 0.062993675 0.182820737 0.353111595 -0.065113544 0.933312595 8.872648239
0.928604007 -0.036919873 -0.369233668 -1.576651096 0.065691464 0.995678306 0.065651692 0.194443047 0.365214676 -0.085219540 0.927014351 8.974011421
0.910407424 -0.043231618 -0.411450088 -1.587553024 0.071550563 0.995992362 0.053667784 0.198985159 0.407481790 -0.078298740 0.909850478 9.071891785
0.897307694 -0.032386214 -0.440220028 -1.605443954 0.064417064 0.996236026 0.058010556 0.194798559 0.436684340 -0.080410346 0.896013379 9.130995750
0.893190086 -0.014087416 -0.449462473 -1.605737686 0.043027606 0.997601032 0.054237947 0.187158346 0.447620273 -0.067783535 0.891650498 9.189371109
0.910267413 -0.000485866 -0.414024830 -1.605983019 0.025437394 0.998176157 0.054753963 0.182129115 0.413243383 -0.060371842 0.908616662 9.281699181
0.893547595 -0.024134129 -0.448323369 -1.619532108 0.053415067 0.997177064 0.052780718 0.169742316 0.445784181 -0.071108617 0.892311573 9.410902977
0.882986069 -0.020948941 -0.468935221 -1.632840872 0.049334526 0.997613013 0.048327800 0.169430733 0.466803581 -0.065806910 0.881909072 9.487879753
0.875389099 -0.016988650 -0.483124048 -1.638523817 0.041544721 0.998329163 0.040170342 0.171733722 0.481634736 -0.055235293 0.874629498 9.533830643
0.880063713 -0.019279929 -0.474469125 -1.646300554 0.031498536 0.999345183 0.017816447 0.183085695 0.473816156 -0.030623952 0.880091786 9.645345688
0.872320771 -0.012655864 -0.488775015 -1.660172462 0.017643707 0.999828935 0.005600275 0.192416608 0.488621831 -0.013508638 0.872391999 9.737501144
0.876397192 0.007760741 -0.481531829 -1.674052238 -0.010215968 0.999945045 -0.002477495 0.204110444 0.481487274 0.007091310 0.876424909 9.840478897
0.887576938 -0.001858972 -0.460658729 -1.685073376 0.002688295 0.999996185 0.001144130 0.209312215 0.460655481 -0.002253694 0.887576759 9.896867752
0.900669932 0.005983995 -0.434465796 -1.703377008 0.002667487 0.999810696 0.019300345 0.214878276 0.434499800 -0.018541915 0.900481582 9.998890877
0.905414581 0.021365132 -0.423993617 -1.725112677 0.001503816 0.998565614 0.053529102 0.222546518 0.424530089 -0.049103271 0.904081821 10.101833344
0.857742906 0.004906385 -0.514057338 -1.748904467 0.035425540 0.997013867 0.068625912 0.225275338 0.512859643 -0.077073887 0.855005682 10.248460770
0.853374541 -0.002679023 -0.521292984 -1.764920712 0.059703186 0.993909776 0.092628211 0.225083113 0.517870486 -0.110169016 0.848335266 10.348978043
0.847595215 -0.005854338 -0.530613363 -1.773751497 0.073878303 0.991503179 0.107072569 0.223307252 0.525478423 -0.129954666 0.840823531 10.398757935
0.852907658 0.008083109 -0.522000849 -1.782534599 0.058239032 0.992166638 0.110521249 0.224678397 0.518805921 -0.124664888 0.845753670 10.442394257
0.837061703 0.007854572 -0.547052860 -1.816814423 0.060662441 0.992399693 0.107069790 0.224517465 0.543737829 -0.122808792 0.830220997 10.583414078
0.833151639 -0.001565238 -0.553043246 -1.829681635 0.072455771 0.991686225 0.106346413 0.228687406 0.548280358 -0.128673181 0.826336086 10.627315521
0.811994314 -0.021406379 -0.583273649 -1.841873646 0.100023232 0.989647925 0.102924570 0.232270837 0.575033724 -0.141914487 0.805727065 10.671627045
0.805906057 -0.002936083 -0.592036784 -1.860293627 0.071719639 0.993107915 0.092702292 0.242321074 0.587685883 -0.117169209 0.800559998 10.759074211
0.809839725 0.014818020 -0.586464643 -1.870747089 0.043395612 0.995429635 0.085074909 0.250869751 0.585046411 -0.094346441 0.805493176 10.803823471
0.819418490 0.000966629 -0.573195517 -1.887031317 0.053305298 0.995536149 0.077881761 0.254612505 0.570713699 -0.094371051 0.815708995 10.856215477
0.736067355 0.020190207 -0.676607728 -1.995735168 0.066994816 0.992474318 0.102497846 0.305644631 0.673586607 -0.120773584 0.729174733 11.282031059
0.721158087 0.010713380 -0.692689240 -2.009482861 0.083848611 0.991180420 0.102623902 0.308214009 0.687680006 -0.132088780 0.713896275 11.374870300
0.708439708 0.001211740 -0.705772042 -2.012485981 0.087746851 0.992088974 0.089781135 0.308916986 0.700298250 -0.125533506 0.702725530 11.413991928
0.745890498 0.003245951 -0.666062415 -2.031358719 0.079066060 0.992486656 0.093378142 0.303775549 0.661361814 -0.122312464 0.740026832 11.490566254
0.762044251 -0.008114245 -0.647476137 -2.047783375 0.082304128 0.993025362 0.084421948 0.302666366 0.642276049 -0.117623106 0.757394135 11.572362900
0.758734763 -0.018935069 -0.651126623 -2.068114281 0.089879885 0.993059456 0.075854585 0.307456434 0.645171463 -0.116076216 0.755169213 11.662096977
0.757650018 -0.022064552 -0.652290225 -2.080428600 0.093982100 0.992700398 0.075582638 0.313107491 0.645861506 -0.118568256 0.754191697 11.701117516
0.748108685 -0.045993712 -0.661982417 -2.098207951 0.144248083 0.985011160 0.094577447 0.316842854 0.647710443 -0.166243225 0.743528664 11.738796234
0.742109060 -0.032537356 -0.669491112 -2.118344307 0.140563130 0.984165490 0.107978672 0.316507876 0.655377209 -0.174237251 0.734930515 11.776491165
0.729626596 0.027752459 -0.683284104 -2.165538311 0.075224429 0.989855170 0.120530017 0.313485861 0.679698884 -0.139341012 0.720135510 11.852176666
0.671669245 0.042304944 -0.739643574 -2.208899498 0.075412251 0.989278138 0.125064522 0.313961089 0.737005770 -0.139779612 0.661276042 11.916440964
0.649327159 0.057040360 -0.758368373 -2.230938911 0.071675047 0.988154769 0.135692343 0.314065635 0.757126868 -0.142464086 0.637545824 11.949758530
0.614510179 0.082306817 -0.784604549 -2.266896725 0.044338994 0.989366770 0.138513073 0.316904068 0.787664115 -0.119905695 0.604325414 12.017704964
0.574044228 0.067404933 -0.816046357 -2.305266380 0.080168352 0.987190664 0.137934953 0.322743654 0.814892411 -0.144601434 0.561286151 12.089378357
0.543800354 0.081139326 -0.835283995 -2.357683659 0.097783752 0.982408583 0.159091339 0.337066412 0.833500922 -0.168190494 0.526298344 12.199815750
0.518631876 0.087194867 -0.850541174 -2.389589310 0.096751608 0.982410669 0.159709290 0.345485866 0.849508107 -0.165121034 0.501071572 12.267282486
0.489623338 0.093841590 -0.866870880 -2.425873280 0.097833939 0.982000291 0.161562607 0.357038260 0.866430283 -0.163913518 0.471627414 12.332616806
0.438616931 0.080306903 -0.895079434 -2.459311962 0.086496830 0.987602830 0.130993947 0.361060083 0.894504070 -0.134877443 0.426231593 12.394498825
0.430419624 0.079863541 -0.899089336 -2.475929260 0.070813552 0.990020633 0.121840686 0.364563882 0.899848998 -0.116110131 0.420467436 12.424913406
0.412106663 0.087716058 -0.906903982 -2.513824463 0.063529573 0.990166605 0.124637440 0.377838135 0.908920050 -0.108978927 0.402480155 12.480577469
0.359685779 0.096252918 -0.928095996 -2.558223486 0.066614516 0.989477456 0.128435418 0.385824025 0.930693805 -0.108020909 0.349488527 12.536890030
0.337294757 0.116814069 -0.934123695 -2.601079941 0.034735456 0.990051091 0.136350095 0.394414186 0.940759361 -0.078437284 0.329880655 12.583828926
0.324329942 0.129039228 -0.937101603 -2.621694326 0.025514672 0.989097476 0.145029575 0.396968126 0.945601165 -0.070947215 0.317500740 12.606215477
0.282914788 0.139636755 -0.948925853 -2.664837360 0.024386948 0.987977922 0.152654111 0.402370751 0.958837986 -0.066329323 0.276107341 12.654397011
0.239002213 0.140098363 -0.960858941 -2.710420132 0.010657977 0.989098191 0.146866694 0.408372700 0.970963240 -0.045342058 0.234902561 12.706804276
0.194778293 0.137794644 -0.971119702 -2.732865095 0.031009732 0.988721907 0.146511719 0.412158817 0.980359614 -0.058651336 0.188307494 12.731275558
0.149008945 0.143082812 -0.978429556 -2.771204472 0.027274450 0.988503814 0.148709938 0.418912321 0.988460839 -0.048845112 0.143392518 12.778516769
0.119974196 0.160956025 -0.979642808 -2.813333988 0.049505617 0.984571517 0.167828709 0.423131645 0.991543055 -0.068632856 0.110154226 12.823983192
0.089730933 0.155480683 -0.983755410 -2.852305889 0.057995319 0.985247076 0.161006436 0.429794431 0.994277239 -0.071500354 0.079388916 12.864789963
0.070615940 0.157491684 -0.984991729 -2.873419762 0.081777439 0.983218968 0.163070723 0.433849514 0.994147241 -0.092065595 0.056551628 12.886094093
0.060430467 0.157406345 -0.985682607 -2.895182371 0.095967941 0.981996953 0.162700906 0.436563849 0.993549883 -0.104426078 0.044236384 12.904128075
0.045602340 0.147074863 -0.988073051 -2.919861078 0.095635988 0.983916283 0.150869876 0.438303530 0.994372725 -0.101375550 0.030803120 12.922016144
0.001475066 0.132558510 -0.991173446 -2.973710537 0.095086761 0.986665308 0.132096753 0.440157980 0.995469391 -0.094442412 -0.011149429 12.954079628
-0.008656599 0.123560943 -0.992298424 -3.020393372 0.058446240 0.990702689 0.122852132 0.446808398 0.998254240 -0.056932323 -0.015798055 12.979943275
-0.046037666 0.143513948 -0.988576293 -3.069242954 0.053591713 0.988556027 0.141015053 0.449367166 0.997502387 -0.046486992 -0.053202398 12.994002342
-0.055295296 0.131323591 -0.989795566 -3.093966961 0.015374780 0.991307676 0.130664974 0.450622171 0.998353004 -0.007992258 -0.056834206 12.999450684
-0.106791578 0.134704888 -0.985114336 -3.139648438 -0.006076743 0.990672529 0.136123911 0.454373598 0.994265258 0.020523580 -0.104977332 13.011298180
-0.153391585 0.135468066 -0.978835821 -3.185238123 -0.012834790 0.990201235 0.139052600 0.460555226 0.988084555 0.033893012 -0.150150329 13.021400452
-0.196305901 0.146382451 -0.969553530 -3.229005814 -0.031408761 0.987348139 0.155428246 0.467275858 0.980041742 0.060964417 -0.189224988 13.030267715
-0.219470203 0.152369440 -0.963646412 -3.250896931 -0.033147693 0.985994697 0.163452357 0.472398371 0.975058079 0.067815915 -0.211346135 13.036034584
-0.286631793 0.164338917 -0.943839312 -3.292910099 -0.015430838 0.984258235 0.176062360 0.482182801 0.957918644 0.065029755 -0.279584587 13.043036461
-0.364039063 0.135961652 -0.921405911 -3.335029125 -0.029042318 0.987149656 0.157137081 0.490632236 0.930932403 0.083964117 -0.355412066 13.047223091
-0.411541462 0.161415175 -0.896982431 -3.370522976 0.003611146 0.984472334 0.175502539 0.495381534 0.911385655 0.068987571 -0.405733913 13.051132202
-0.426978081 0.146206692 -0.892363429 -3.387452364 -0.003282373 0.986585200 0.163214862 0.496138334 0.904257894 0.072618321 -0.420770049 13.053997993
-0.437768817 0.140795708 -0.887994349 -3.423206568 0.019793812 0.988932312 0.147041813 0.501074910 0.898871422 0.046793755 -0.435710430 13.056887627
-0.434436709 0.151052311 -0.887945235 -3.453535795 0.061023664 0.988508284 0.138303041 0.501114726 0.898634553 0.005898234 -0.438661754 13.057874680
