1.000000715 0.000000015 -0.000000028 -0.000000034 0.000000015 1.000000477 0.000000020 -0.000000002 -0.000000028 0.000000020 0.999999702 0.000000007
1.000000715 -0.000044650 0.000002038 0.000015200 0.000044676 1.000000477 0.000104383 -0.000083619 -0.000002089 -0.000104348 0.999999702 0.000138353
1.000000715 -0.000194153 -0.000044817 -0.000187272 0.000194176 1.000000477 -0.000085424 0.000458232 0.000044788 0.000085449 0.999999702 0.000074066
1.000000954 -0.000031819 0.000105473 -0.000363322 0.000031792 1.000000358 0.000589591 -0.000131140 -0.000105563 -0.000589553 0.999999523 -0.000402342
0.999998510 0.000464704 -0.002151588 -0.000031053 -0.000462145 0.999999642 0.001173668 -0.000492087 0.002152057 -0.001172637 0.999996722 -0.000640003
0.999999583 0.000717908 -0.001508960 0.000022750 -0.000716485 0.999999821 0.000920315 -0.000394594 0.001509547 -0.000919199 0.999998212 -0.000342858
1.000000715 0.000018837 -0.001547128 -0.000364909 -0.000018623 1.000000596 0.000085261 -0.000029568 0.001546881 -0.000085123 0.999998093 -0.001090925
1.000000596 0.000046720 -0.001614946 -0.000666487 -0.000046771 1.000000596 -0.000082532 0.000074121 0.001614693 0.000082716 0.999997914 -0.000919772
0.999999642 -0.000059915 -0.002078754 -0.000276251 0.000058998 1.000000358 -0.000480387 0.000416478 0.002078533 0.000480372 0.999997020 -0.000770683
0.999999523 -0.000216984 -0.002159940 0.000015023 0.000214789 1.000000000 -0.001054376 0.000739167 0.002159917 0.001054016 0.999996424 -0.000581285
1.000002861 -0.000858445 -0.001014342 -0.000013489 0.000856788 0.999998569 -0.001819944 -0.000252935 0.001015279 0.001819335 0.999996662 -0.001143823
1.000002861 -0.001209041 0.000203917 -0.000010960 0.001209972 0.999993086 -0.003683974 0.000220611 -0.000200080 0.003684476 0.999992132 -0.001077749
1.000000834 -0.001768783 0.001620424 -0.000928878 0.001778187 0.999982834 -0.005704749 0.001208607 -0.001610916 0.005707868 0.999981284 -0.001545773
0.999998450 -0.001800425 0.002695767 0.000434296 0.001819625 0.999974072 -0.007067681 -0.000323390 -0.002683576 0.007072802 0.999970257 -0.000769476
0.999896526 -0.014429356 0.000374778 0.000399283 0.014431630 0.999872267 -0.006938022 0.000460582 -0.000274654 0.006942733 0.999975562 -0.001010545
0.998353541 -0.049483821 -0.029147791 -0.000374884 0.050239287 0.998405755 0.025779285 0.001536527 0.027824910 -0.027200764 0.999241710 0.000172053
0.998284757 -0.050695807 -0.029419692 -0.000697233 0.051628966 0.998158932 0.031873688 0.000965084 0.027748911 -0.033337452 0.999057949 0.001489240
0.999182820 -0.039093342 -0.010649275 -0.000133231 0.039062399 0.999233246 -0.003110029 0.002128195 0.010762038 0.002691749 0.999937534 0.003100095
0.999314427 -0.037114028 -0.000784113 -0.001336072 0.037103675 0.999255478 -0.010641687 0.001462402 0.001177869 0.010605527 0.999942005 0.002295052
0.999444544 -0.033298705 0.003578681 -0.001790481 0.033358864 0.999277055 -0.018260093 0.003742199 -0.002969007 0.018369641 0.999825239 0.003266332
0.999654651 -0.026457425 0.001242712 -0.002613668 0.026482433 0.999237001 -0.028722946 0.005555216 -0.000482801 0.028746158 0.999585032 0.007718223
0.999820650 -0.017451325 -0.008081554 -0.004087604 0.017048251 0.998724103 -0.047544152 0.005395026 0.008899903 0.047397919 0.998834848 0.013340146
0.999615312 -0.019684294 -0.019618001 -0.005933199 0.018687941 0.998587251 -0.049742121 0.009175025 0.020569311 0.049356416 0.998568535 0.020272858
0.999265134 -0.023302494 -0.030485345 -0.004512360 0.021881279 0.998694599 -0.046152912 0.010321080 0.031520888 0.045451991 0.998468280 0.024758814
0.999245942 -0.017820008 -0.034539871 -0.004136524 0.015900049 0.998354793 -0.055088185 0.014504610 0.035464562 0.054497503 0.997883022 0.039833851
0.999368787 -0.018397147 -0.030438751 -0.005493618 0.016545352 0.998060405 -0.060011186 0.016294343 0.031483613 0.059469707 0.997732580 0.058990467
0.999806762 -0.015105459 -0.012925870 0.002319364 0.014043374 0.996802092 -0.078665920 0.022086231 0.014072367 0.078469217 0.996815741 0.079911463
0.999957502 -0.008635792 -0.004360080 0.005595439 0.008225843 0.996203899 -0.086660594 0.027645992 0.005091509 0.086621031 0.996226788 0.092121720
0.999720275 0.023755133 0.001913415 0.010522246 -0.023424763 0.994248509 -0.104505263 0.043083396 -0.004385308 0.104431085 0.994520903 0.121625036
0.998904347 0.044659857 -0.014287090 0.017931392 -0.045754205 0.995004594 -0.088726588 0.057211816 0.010252742 0.089283034 0.995952010 0.146725401
0.999113202 0.041003253 -0.010342835 0.024188180 -0.041765261 0.995109737 -0.089520194 0.072985686 0.006620764 0.089872763 0.995929360 0.183246359
0.999864578 0.012594012 -0.011303249 0.026726924 -0.013502187 0.996350944 -0.084285431 0.091733642 0.010199625 0.084426679 0.996375561 0.209374309
0.999990165 -0.001802758 0.005652152 0.026155880 0.002284922 0.996256411 -0.086425744 0.107438043 -0.005475897 0.086437844 0.996240258 0.233986124
0.999102473 -0.011530545 0.041035142 0.022347135 0.015789639 0.994345069 -0.105022296 0.126139417 -0.039592959 0.105575815 0.993620217 0.260980844
0.998532593 -0.027363075 0.046974864 0.019797746 0.032264166 0.993740022 -0.106961697 0.133055329 -0.043754760 0.108320162 0.993150175 0.275897056
0.998403013 -0.040819529 0.039349400 0.021341007 0.043948647 0.995643377 -0.082243033 0.147006601 -0.035821758 0.083841220 0.995832622 0.291238397
0.996397495 -0.081695884 0.023214195 0.022106789 0.082808830 0.995212734 -0.051907782 0.174784064 -0.018863669 0.053643793 0.998378396 0.340460658
0.996152222 -0.086625539 0.014064548 0.022591632 0.087151118 0.995288312 -0.042498209 0.184321001 -0.010318111 0.043561257 0.998993874 0.357671052
0.996260583 -0.084960714 0.016349956 0.022355322 0.085518442 0.995644093 -0.037144728 0.197960258 -0.013124275 0.038404975 0.999172509 0.393107623
0.997301400 -0.050253849 0.053736635 0.019760400 0.052450363 0.997811377 -0.040269621 0.200457469 -0.051596347 0.042980410 0.997738719 0.428099185
0.996850550 -0.004591678 0.079316005 0.021388687 0.008946633 0.998466849 -0.054626890 0.199762747 -0.078944229 0.055165190 0.995347440 0.461459637
0.997385919 0.006151223 0.072158694 0.025110053 -0.002249179 0.998537838 -0.054018062 0.199565560 -0.072386310 0.053715270 0.995925128 0.479320526
0.999393404 -0.007529689 0.034215204 0.028250670 0.008877680 0.999184728 -0.039394069 0.197849378 -0.033891492 0.039674800 0.998635530 0.518677831
0.999561012 -0.023292150 0.018703952 0.032719281 0.023942346 0.999090672 -0.035290189 0.197961837 -0.017865833 0.035723418 0.999199808 0.541953504
0.999199510 -0.040150777 0.001728248 0.037432581 0.040184315 0.998787940 -0.028438315 0.197570235 -0.000585474 0.028486032 0.999591827 0.566790044
0.997610211 -0.068850271 0.006935375 0.048756100 0.068982370 0.997397125 -0.021009345 0.197059214 -0.005471813 0.021438463 0.999752939 0.618661940
0.997449934 -0.065318502 0.029058002 0.053016402 0.066142730 0.997408986 -0.028331947 0.197830647 -0.027133837 0.030183181 0.999173105 0.645265877
0.997873127 -0.033936869 0.055810746 0.063427210 0.036274221 0.998485327 -0.041394010 0.208147243 -0.054322798 0.043331474 0.997580171 0.695299983
0.999540329 -0.027311647 0.013309971 0.071558252 0.027674243 0.999230564 -0.027810169 0.219561681 -0.012540355 0.028166313 0.999523878 0.744063258
0.997932553 -0.053816322 -0.035186224 0.077436343 0.053099215 0.998368323 -0.021019813 0.224486738 0.036259841 0.019108491 0.999159038 0.794427335
0.995712698 -0.066041186 -0.064831309 0.078038886 0.064936556 0.997709751 -0.019020477 0.226285219 0.065937944 0.014730265 0.997713923 0.820744336
0.993694484 -0.062402084 -0.093196914 0.078541413 0.059930410 0.997779965 -0.029100666 0.224000156 0.094804719 0.023332847 0.995221257 0.876284540
0.995002925 -0.057102602 -0.081967168 0.072585449 0.053660411 0.997608244 -0.043622393 0.216684252 0.084260598 0.039007526 0.995678723 0.940487683
0.996985912 -0.044952150 -0.063311674 0.065688856 0.042330839 0.998215258 -0.042175438 0.210098922 0.065093324 0.039369620 0.997101068 1.010090709
0.998203516 -0.036027443 -0.047981348 0.062588707 0.034190465 0.998671591 -0.038607176 0.209503189 0.049307290 0.036898829 0.998100519 1.047242522
0.999954820 -0.006908596 0.006859110 0.049480420 0.007131460 0.999429941 -0.032995138 0.217265666 -0.006627129 0.033043049 0.999430776 1.120963216
0.999528527 0.009404814 0.029306782 0.038251020 -0.008295797 0.999253631 -0.037728596 0.229154646 -0.029639378 0.037467990 0.998857200 1.194840312
0.999498725 0.011117940 0.029713117 0.033366445 -0.009857209 0.999058843 -0.042240668 0.233583167 -0.030154705 0.041926857 0.998664439 1.230410337
0.999957025 0.009086486 0.003023742 0.028275914 -0.008917329 0.998616219 -0.051821407 0.239280075 -0.003490327 0.051792949 0.998650253 1.302242637
0.999902129 -0.001995454 -0.014052248 0.028292300 0.001033509 0.997673810 -0.068156227 0.231940001 0.014155712 0.068135679 0.997574091 1.376418710
0.999925315 -0.005906903 -0.010915718 0.029046351 0.005054125 0.997050643 -0.076582119 0.221404344 0.011335772 0.076521650 0.997003734 1.454412222
0.999622643 -0.006100722 -0.026864834 0.032494847 0.004659386 0.998562634 -0.053401731 0.203411490 0.027151855 0.053256694 0.998211801 1.582044363
0.999790549 0.001465098 -0.020518363 0.036688298 -0.002798888 0.997872114 -0.065147750 0.205929130 0.020379115 0.065191835 0.997664809 1.665485859
0.999671876 -0.009490196 -0.023886768 0.039619379 0.007880129 0.997746229 -0.066627175 0.220956355 0.024465095 0.066417590 0.997491837 1.739207268
0.999898314 -0.006857564 -0.012681021 0.042653531 0.005965661 0.997590840 -0.069106489 0.226763010 0.013124207 0.069024086 0.997528553 1.778392673
0.999843955 -0.015972042 -0.007821951 0.047126122 0.015394868 0.997496545 -0.069008484 0.233004346 0.008904453 0.068877608 0.997585356 1.855586290
0.999897361 -0.013824118 -0.004315158 0.051564649 0.013537491 0.998068750 -0.060615897 0.229002655 0.005144641 0.060551792 0.998151660 1.928765535
0.999718726 -0.010802993 0.021224860 0.055965118 0.012006181 0.998279154 -0.057388820 0.220776290 -0.020568471 0.057627849 0.998126090 2.012063026
0.999149382 -0.006751399 0.040721726 0.058781557 0.008998777 0.998431981 -0.055241488 0.216093078 -0.040285278 0.055561032 0.997641921 2.052337885
0.996636689 -0.013472360 0.080853075 0.060938649 0.017190896 0.998817503 -0.045465104 0.213889614 -0.080145344 0.046702318 0.995688260 2.144645214
0.995702684 -0.007559408 0.092316210 0.063929990 0.011378052 0.999098063 -0.040900424 0.227569431 -0.091924064 0.041775178 0.994889200 2.228183985
0.995766819 -0.012487263 0.091081813 0.063858271 0.015908055 0.999190927 -0.036922358 0.232292548 -0.090547502 0.038215235 0.995158553 2.269489765
0.994881809 -0.014794884 0.099973306 0.065353349 0.019162118 0.998896837 -0.042860135 0.235036016 -0.099229351 0.044556536 0.994066298 2.309185266
0.994093955 -0.008416275 0.108211547 0.067111984 0.013547054 0.998813748 -0.046761733 0.237520337 -0.107690118 0.047951661 0.993027091 2.347986221
0.996886969 -0.005424929 0.078677401 0.067731872 0.009452029 0.998658836 -0.050896179 0.234088108 -0.078296155 0.051481739 0.995599687 2.424770594
0.998986781 -0.017005038 0.041698746 0.076367304 0.018853148 0.998839438 -0.044329826 0.214553744 -0.040896900 0.045070991 0.998145998 2.510371923
0.999491632 -0.007034723 0.031140059 0.077470161 0.008537932 0.998792052 -0.048395894 0.203202367 -0.030762497 0.048636969 0.998342335 2.552674294
0.999895334 0.005984223 -0.013281275 0.081915364 -0.006822844 0.997923493 -0.064052984 0.189894706 0.012869690 0.064136907 0.997857928 2.634158134
0.995832324 -0.010194736 -0.090645432 0.085179955 0.003315112 0.997123122 -0.075727880 0.193849087 0.091155976 0.075111628 0.992999494 2.708346367
0.982868731 -0.029413700 -0.181952372 0.078465402 0.013341901 0.995948672 -0.088932753 0.202895060 0.183830217 0.084981345 0.979277074 2.773629904
0.973676741 -0.039784268 -0.224439010 0.075837612 0.020271363 0.995862842 -0.088587783 0.205782413 0.227034733 0.081706502 0.970452130 2.808898687
0.964449048 -0.045330741 -0.260356873 0.068793774 0.024561930 0.996290624 -0.082480237 0.208382398 0.263129890 0.073153399 0.961982071 2.837599993
0.957180977 -0.045152217 -0.285951376 0.060419798 0.023003723 0.996501982 -0.080349065 0.206570759 0.288578749 0.070330963 0.954868555 2.868673801
0.944459438 -0.058361821 -0.323407888 0.033767581 0.026487451 0.994421661 -0.102102011 0.198867530 0.327562392 0.087865248 0.940734088 2.927361488
0.927489102 -0.081355602 -0.364893943 0.003340483 0.042882744 0.992744565 -0.112340741 0.187264830 0.371385455 0.088547297 0.924245715 2.989228010
0.923141420 -0.082142748 -0.375586092 -0.013679624 0.040754538 0.992312908 -0.116856314 0.183248162 0.382297277 0.092568167 0.919389963 3.022722721
0.921517789 -0.064034969 -0.383024961 -0.054332972 0.016373184 0.991840959 -0.126426682 0.185649127 0.387995660 0.110232636 0.915045083 3.092822552
0.898190379 -0.055791549 -0.436055750 -0.101740718 0.013473291 0.994941592 -0.099547133 0.192826360 0.439404011 0.083537020 0.894396544 3.147696018
0.881454825 -0.064218558 -0.467885554 -0.124916434 0.027647190 0.996029496 -0.084623262 0.193421528 0.471462190 0.061655555 0.879728138 3.172411919
0.838709652 -0.073903777 -0.539544642 -0.173820019 0.039323479 0.996381521 -0.075351775 0.199441552 0.543160558 0.041981179 0.838578284 3.217279911
0.787629664 -0.085783653 -0.610149145 -0.219575286 0.044734757 0.995608568 -0.082231149 0.196487457 0.614524245 0.037473414 0.788007915 3.268914223
0.723998368 -0.094639264 -0.683279812 -0.287664413 0.028144939 0.993771732 -0.107823297 0.185198188 0.689228773 0.058833346 0.722151816 3.345293045
0.675205588 -0.087157272 -0.732463181 -0.335612893 0.025181947 0.995139420 -0.095200881 0.175588965 0.737200975 0.045835741 0.674117804 3.396856070
0.658816755 -0.083965734 -0.747603655 -0.360648870 0.022967979 0.995533347 -0.091571167 0.170175493 0.751955092 0.043157943 0.657801330 3.429596424
0.647253335 -0.080536366 -0.758009493 -0.385844350 0.012604955 0.995397687 -0.094994955 0.168238699 0.762172878 0.051931519 0.645288348 3.457873821
0.618444443 -0.076766729 -0.782070756 -0.434458137 -0.001788952 0.995076418 -0.099089593 0.173967823 0.785828710 0.062681012 0.615260780 3.508552074
0.601397574 -0.072597742 -0.795645356 -0.458026648 -0.010924069 0.995022535 -0.099046543 0.176522031 0.798877299 0.068258427 0.597609639 3.532662868
0.568508565 -0.075928420 -0.819166720 -0.505443692 -0.020761760 0.994091153 -0.106550768 0.181324095 0.822417855 0.077582546 0.563570917 3.576009274
0.534773052 -0.076258957 -0.841548383 -0.549883962 -0.018006803 0.994665384 -0.101576507 0.183720052 0.844806433 0.069474258 0.530544817 3.610884190
0.519803345 -0.082152694 -0.850327492 -0.597754240 -0.022474760 0.993706524 -0.109743521 0.181328118 0.853992879 0.076156110 0.514683306 3.641108990
0.514277160 -0.085526288 -0.853349626 -0.625056028 -0.018077638 0.993713677 -0.110488549 0.177645802 0.857436121 0.072248578 0.509495795 3.658218384
0.509399295 -0.088992842 -0.855917156 -0.654348254 -0.007780888 0.994121850 -0.107992947 0.173463076 0.860497594 0.061671510 0.505710363 3.675715446
0.507529318 -0.087098524 -0.857221663 -0.684981585 -0.000348900 0.994857669 -0.101289310 0.168358788 0.861636996 0.051706709 0.504886746 3.694359779
0.505116522 -0.083832592 -0.858970821 -0.748773813 -0.012350614 0.994467854 -0.104319066 0.165142596 0.862965584 0.063302077 0.501284540 3.732331753
0.498076558 -0.081855796 -0.863261461 -0.783539295 -0.013215113 0.994703054 -0.101943515 0.169548780 0.867035151 0.062183712 0.494354367 3.747342587
0.456944793 -0.073587298 -0.886446714 -0.851556301 -0.012796121 0.995925963 -0.089271352 0.180356279 0.889405727 0.052135229 0.454139352 3.773691654
0.444972783 -0.072163016 -0.892632425 -0.918845177 -0.004364800 0.996562183 -0.082740441 0.187746361 0.895536005 0.040713415 0.443125725 3.797317505
0.395829767 -0.082044519 -0.914651215 -0.981195807 -0.014294790 0.995329857 -0.095466882 0.191941157 0.918214440 0.050863128 0.392807215 3.817054987
0.353132010 -0.085245408 -0.931681633 -1.013709903 -0.003929675 0.995696306 -0.092591442 0.191154838 0.935567141 0.036357902 0.351275921 3.825439692
0.310638219 -0.089512393 -0.946303844 -1.047072649 0.007459264 0.995754778 -0.091740616 0.187861785 0.950500667 0.021439230 0.309985906 3.834186077
0.271434367 -0.092346326 -0.958016217 -1.078242302 0.013009089 0.995647132 -0.092287026 0.184953421 0.962370753 0.012586618 0.271452695 3.839726210
0.199343890 -0.078510337 -0.976778746 -1.146818638 0.012334997 0.996907890 -0.077610455 0.176394373 0.979853511 0.003422728 0.199695304 3.858625412
0.142911717 -0.074502386 -0.986926854 -1.215088367 -0.005794425 0.997083127 -0.076107606 0.171895072 0.989720047 0.016595518 0.142062590 3.876673460
0.117764816 -0.076799683 -0.990066648 -1.248432517 -0.009907564 0.996864736 -0.078505129 0.171125159 0.992993534 0.019054521 0.116633922 3.884166718
0.057357613 -0.091933191 -0.994110882 -1.312358141 -0.024652798 0.995317578 -0.093466520 0.176174164 0.998051047 0.029868765 0.054822300 3.896141291
-0.033929832 -0.095192716 -0.994879544 -1.366333723 -0.005790356 0.995456219 -0.095049791 0.181670055 0.999409258 0.002535792 -0.034327507 3.900279522
-0.077960283 -0.092158698 -0.992686868 -1.391943216 -0.000498217 0.995722353 -0.092400730 0.184252679 0.996958077 -0.006708948 -0.077673256 3.900291204
-0.140745178 -0.098286450 -0.985154629 -1.446683526 0.000339310 0.995055497 -0.099322148 0.185001731 0.990047574 -0.014313279 -0.140015870 3.891870737
-0.195433572 -0.108784378 -0.974664509 -1.502337217 -0.003585177 0.993901908 -0.110212177 0.181750357 0.980712235 -0.018044773 -0.194631800 3.873349428
-0.256065726 -0.098783687 -0.961598217 -1.556445241 -0.005882774 0.994906068 -0.100638233 0.179257259 0.966643274 -0.020113032 -0.255342722 3.842638969
-0.313238353 -0.097647093 -0.944640458 -1.613273621 -0.011454843 0.995016277 -0.099055633 0.181505963 0.949607313 -0.020207310 -0.312796056 3.807845354
-0.366282672 -0.091834940 -0.925958514 -1.639183640 -0.015189808 0.995575964 -0.092729442 0.188881636 0.930385709 -0.019900072 -0.366057158 3.796571493
-0.474628627 -0.061381549 -0.878041029 -1.679540396 0.013902835 0.996918857 -0.077205971 0.192718372 0.880082011 -0.048851591 -0.472313523 3.759641886
-0.574174881 -0.061022479 -0.816453040 -1.708268404 0.008763459 0.996704042 -0.080656014 0.199036092 0.818691254 -0.053465951 -0.571749389 3.719214439
-0.656837463 -0.053494431 -0.752133131 -1.745650053 0.016312189 0.996239543 -0.085101247 0.194653243 0.753858209 -0.068166502 -0.653492391 3.678190231
-0.697249174 -0.055650905 -0.714666426 -1.757627845 0.012188158 0.995918036 -0.089442730 0.192923486 0.716727853 -0.071074218 -0.693722248 3.662791014
-0.734862149 -0.059239734 -0.675625324 -1.768328309 0.002986050 0.995886505 -0.090568282 0.191247359 0.678212464 -0.068572506 -0.731660008 3.647242069
-0.766984284 -0.063540682 -0.638513088 -1.776686668 -0.005038084 0.995651484 -0.093028568 0.190628409 0.641648889 -0.068134427 -0.763966918 3.632308483
-0.825012743 -0.065557867 -0.561301708 -1.804779887 -0.021044327 0.996123910 -0.085412033 0.189108938 0.564726233 -0.058653656 -0.823191166 3.598999023
-0.892052770 -0.064769804 -0.447269917 -1.828348160 -0.030141093 0.996000350 -0.084117599 0.186121285 0.450930476 -0.061556019 -0.890433788 3.555609226
-0.929316223 -0.074579984 -0.361679852 -1.841007113 -0.046637200 0.995254993 -0.085394889 0.184909850 0.366333008 -0.062491167 -0.928382516 3.527911663
-0.955233455 -0.071802966 -0.287013412 -1.845086455 -0.046965905 0.994602978 -0.092512831 0.186295316 0.292107880 -0.074891537 -0.953448057 3.501320362
-0.966166198 -0.065520413 -0.249466062 -1.845094085 -0.042752404 0.994499028 -0.095621012 0.185252309 0.254359782 -0.081720449 -0.963650346 3.489161730
-0.982023954 -0.062747248 -0.178030521 -1.836931229 -0.045010574 0.993768156 -0.101976871 0.185912758 0.183320612 -0.092130437 -0.978725731 3.462179899
-0.987558961 -0.059882026 -0.145411387 -1.833017826 -0.044898473 0.993539929 -0.104226060 0.187396228 0.150714085 -0.096400581 -0.983865321 3.447972298
-0.992120326 -0.051227860 -0.114348941 -1.826696396 -0.039270762 0.993752301 -0.104474418 0.188803315 0.118987553 -0.099160559 -0.987931073 3.432833910
-0.998736501 -0.026586665 -0.042681485 -1.803338051 -0.022296332 0.994934142 -0.098029032 0.193388283 0.045072719 -0.096953556 -0.994267166 3.403775930
-0.999683976 -0.023101125 -0.010072187 -1.792248011 -0.021991245 0.994839132 -0.099057801 0.194777936 0.012309715 -0.098804943 -0.995029986 3.387343168
-0.999612033 -0.017465496 0.021787530 -1.771767259 -0.019502347 0.995087206 -0.097055174 0.197902218 -0.019985095 -0.097442277 -0.995040059 3.366491318
-0.986414313 0.023665549 0.162575468 -1.723562241 0.011899329 0.997262776 -0.072968133 0.200642198 -0.163856685 -0.070042253 -0.983993888 3.329318047
-0.967621386 0.036648817 0.249741271 -1.684593201 0.023648741 0.998213947 -0.054856848 0.200790942 -0.251306087 -0.047174554 -0.966756582 3.301866293
-0.956279457 0.040413707 0.289657593 -1.668175936 0.028480828 0.998567581 -0.045294877 0.201017991 -0.291073352 -0.035065003 -0.956057191 3.289614916
-0.942678213 0.042063486 0.331047803 -1.655505300 0.029794924 0.998671949 -0.042049065 0.201446608 -0.332376450 -0.029775372 -0.942676187 3.278778553
-0.926003456 0.041912980 0.375186801 -1.645268083 0.028851487 0.998769283 -0.040365357 0.201818541 -0.376416236 -0.026553977 -0.926069617 3.269109964
-0.891874671 0.036154386 0.450839937 -1.620862126 0.019339006 0.998937547 -0.041850269 0.203188270 -0.451873124 -0.028606549 -0.891622901 3.246771812
-0.828379691 0.024145905 0.559649348 -1.584486961 0.006818456 0.999430418 -0.033026852 0.202979654 -0.560128927 -0.023543052 -0.828070104 3.215489626
-0.790310383 0.007644189 0.612661898 -1.561933517 -0.016790729 0.999275804 -0.034126565 0.202765733 -0.612479746 -0.037257716 -0.789607167 3.198347807
-0.731487751 0.010312984 0.681778908 -1.540806174 -0.007741512 0.999694884 -0.023427287 0.203337625 -0.681812882 -0.022415042 -0.731182218 3.190068245
-0.686478615 0.005640903 0.727130413 -1.518834949 -0.027433392 0.999056518 -0.033649735 0.205300480 -0.726634383 -0.043047708 -0.685673416 3.183032513
-0.670965314 0.000300921 0.741488993 -1.506155014 -0.037875813 0.998681486 -0.034678563 0.206191063 -0.740522563 -0.051352438 -0.670066535 3.179000139
-0.624245524 0.003140393 0.781222641 -1.477570295 -0.039551623 0.998583496 -0.035618030 0.211073890 -0.780228138 -0.053132780 -0.623234212 3.183044672
-0.571562350 0.009426160 0.820504963 -1.447110653 -0.018917304 0.999517798 -0.024660321 0.215882257 -0.820342302 -0.029616497 -0.571105361 3.194973946
-0.549835026 0.013309410 0.835167587 -1.433087468 0.009683207 0.999908388 -0.009559687 0.217779309 -0.835218787 0.002831114 -0.549910605 3.200360775
-0.509826124 0.028234076 0.859814465 -1.403387189 0.100496866 0.994573832 0.026930399 0.216276288 -0.854388893 0.100138672 -0.509894252 3.214983940
-0.483038276 0.034746673 0.874910116 -1.373554945 0.122512713 0.992065489 0.028239604 0.213873386 -0.866987884 0.120828129 -0.483460754 3.227887630
-0.465383440 0.031008363 0.884566426 -1.320662737 0.115612261 0.992954135 0.026017150 0.220930889 -0.877528071 0.114374362 -0.465687484 3.263265610
-0.463654786 0.020569114 0.885777712 -1.278128386 0.108375169 0.993540525 0.033656444 0.227072760 -0.879364848 0.111600965 -0.462887138 3.292901993
-0.466007799 0.018633682 0.884584725 -1.235347271 0.105416723 0.993825436 0.034599219 0.234241724 -0.878480256 0.109373458 -0.465093434 3.318610668
-0.470850855 0.020057786 0.881985009 -1.189610481 0.123078823 0.991457641 0.043158419 0.238466054 -0.873587310 0.128874809 -0.469295889 3.351738453
-0.475337297 0.023711257 0.879484355 -1.167016625 0.121297389 0.991856515 0.038816612 0.239205450 -0.871403992 0.125130281 -0.474341333 3.368560076
-0.475601017 0.039407745 0.878778279 -1.123976231 0.111292824 0.993663490 0.015672363 0.241554141 -0.872594535 0.105255499 -0.476971805 3.403479099
-0.464584202 0.063123949 0.883276641 -1.077575803 0.124059193 0.992258310 -0.005660329 0.241599128 -0.876797795 0.106948942 -0.468817115 3.430010319
-0.413846254 0.063654102 0.908119142 -1.041072845 0.155318275 0.987863243 0.001537191 0.246545449 -0.897001445 0.141683221 -0.418708980 3.443372726
-0.399333894 0.056619409 0.915056169 -1.020728707 0.162124574 0.986722529 0.009697407 0.248503789 -0.902359128 0.152225137 -0.403209955 3.446335554
-0.389784545 0.065270662 0.918590546 -0.975499868 0.157199413 0.987560809 -0.003467359 0.249376580 -0.907392025 0.143049926 -0.395195186 3.451386213
-0.365328610 0.058474660 0.929040670 -0.928432703 0.146840394 0.989149988 -0.004516013 0.248786226 -0.919226348 0.134770438 -0.369949818 3.459203720
-0.340103835 0.006331317 0.940366983 -0.852095068 0.177260563 0.982482970 0.057494730 0.239904746 -0.923532307 0.186243683 -0.335267276 3.466451645
-0.347066998 -0.034616098 0.937201977 -0.800598145 0.166721791 0.981123924 0.097978882 0.235018358 -0.922904491 0.190256566 -0.334743023 3.462406874
-0.391553700 -0.013903250 0.920050085 -0.747483253 0.121198840 0.990394354 0.066545375 0.233761817 -0.912140548 0.137564451 -0.386106759 3.451736689
-0.429206073 -0.009123068 0.903160453 -0.728230000 0.106712811 0.992432535 0.060737014 0.234928638 -0.896882594 0.122447006 -0.424983680 3.443957567
-0.510729790 0.014366484 0.859621286 -0.700928450 0.123085223 0.990781784 0.056570090 0.233808085 -0.850887060 0.134698167 -0.507789493 3.424242973
-0.592224479 0.026032198 0.805352211 -0.692128181 0.112376675 0.992377996 0.050559226 0.241876394 -0.797900498 0.120444603 -0.590635657 3.402348518
-0.658751667 0.060821943 0.749899268 -0.679632902 0.150517136 0.987230837 0.052150454 0.241353750 -0.737153292 0.147226617 -0.659492552 3.385362864
-0.693517566 0.089350469 0.714878976 -0.681210518 0.182889551 0.981608570 0.054735567 0.242705658 -0.696842313 0.168703794 -0.697101891 3.378373146
-0.774434566 0.138716191 0.617260754 -0.687475443 0.219885796 0.973857582 0.057020735 0.250159711 -0.593216479 0.179885685 -0.784688890 3.365295887
-0.808875203 0.153973222 0.567464828 -0.689127564 0.225247562 0.972623169 0.057163380 0.254886210 -0.543130994 0.174057946 -0.821410120 3.360512257
-0.831620514 0.174147457 0.527335942 -0.690578282 0.239097446 0.969324052 0.056950066 0.258272022 -0.501244962 0.173445538 -0.847745359 3.359313488
-0.870356381 0.192305535 0.453322887 -0.695679963 0.245385259 0.967523992 0.060688443 0.265342474 -0.426933616 0.164059296 -0.889277279 3.356530428
-0.891815424 0.182068735 0.414149106 -0.699597120 0.224377930 0.972923577 0.055447701 0.268413007 -0.392843902 0.142375007 -0.908518136 3.353620529
-0.913423955 0.170347303 0.369652987 -0.706198275 0.198997691 0.979162335 0.040496975 0.273298979 -0.355056882 0.110551506 -0.928285897 3.344292164
-0.928110480 0.145189002 0.342835307 -0.718948662 0.163214549 0.986294270 0.024152417 0.276624888 -0.334635109 0.078371942 -0.939084113 3.338868141
-0.933317065 0.112962127 0.340828180 -0.735523283 0.131792873 0.990743160 0.032527559 0.280281007 -0.334003985 0.075277187 -0.939561963 3.335446119
-0.956401229 0.042479716 0.288955510 -0.832499206 0.054709166 0.997909725 0.034374718 0.283202678 -0.286891162 0.048684351 -0.956724703 3.301635742
-0.955276906 0.022993710 0.294822395 -0.856687248 0.033306628 0.998994052 0.030005263 0.280639648 -0.293835729 0.038482733 -0.955080330 3.294199705
-0.965758681 0.022116715 0.258503795 -0.884619057 0.030477403 0.999131739 0.028378874 0.277687520 -0.257651627 0.035285477 -0.965592742 3.290996075
-0.970642745 0.027353842 0.238971293 -0.897348046 0.030765573 0.999470174 0.010556757 0.276093960 -0.238555968 0.017598784 -0.970968723 3.290994406
-0.973807931 0.025236456 0.225972399 -0.907650828 0.025852893 0.999665916 -0.000232747 0.274907649 -0.225902870 0.005615300 -0.974133253 3.292387009
-0.977153003 0.025276484 0.211035013 -0.916549504 0.023251940 0.999656856 -0.012071913 0.275039345 -0.211267948 -0.006889160 -0.977403402 3.293807983
-0.983408809 -0.007510419 0.181254566 -0.931336522 -0.008387617 0.999956787 -0.004075165 0.273943454 -0.181216314 -0.005527800 -0.983427167 3.296549559
-0.991654754 -0.022847509 0.126891553 -0.951869726 -0.023738686 0.999703109 -0.005517845 0.266561270 -0.126728207 -0.008484147 -0.991900742 3.301822662
-0.994553924 -0.023896551 0.101464003 -0.965575457 -0.025522165 0.999564469 -0.014761020 0.262988865 -0.101067163 -0.017270299 -0.994729757 3.305860519
-0.996007323 -0.006061215 0.089083947 -0.972347736 -0.008331843 0.999648213 -0.025144000 0.262364894 -0.088900320 -0.025785839 -0.995706737 3.309645414
-0.996619284 0.012408766 0.081237845 -0.972453713 0.009433956 0.999273539 -0.036905352 0.262854457 -0.081636921 -0.036014125 -0.996011257 3.310483217
-0.994894207 0.038787272 0.093191318 -0.964642942 0.034484282 0.998282015 -0.047355209 0.262875825 -0.094868019 -0.043899830 -0.994521320 3.310450315
-0.992996991 0.061697982 0.100766137 -0.945924640 0.056878090 0.997126043 -0.050030347 0.263594687 -0.103563257 -0.043948561 -0.993651450 3.311458349
-0.990762115 0.076692931 0.111856401 -0.932281315 0.070441470 0.995779812 -0.058816474 0.262988836 -0.115895011 -0.050393716 -0.991982341 3.312622547
-0.988092661 0.083890513 0.128992468 -0.915695071 0.075343981 0.994712591 -0.069776945 0.262011081 -0.134164065 -0.059227180 -0.989187658 3.314636946
-0.985542774 0.084695995 0.146751121 -0.896946311 0.074936800 0.994670272 -0.070811659 0.260429591 -0.151966318 -0.058790684 -0.986635804 3.316839933
-0.978404522 0.075713478 0.192341834 -0.853007913 0.063828826 0.995692492 -0.067261502 0.257437050 -0.196605891 -0.053532124 -0.979019821 3.322169542
-0.965474129 0.068188027 0.251423180 -0.801026642 0.054048616 0.996566713 -0.062729940 0.255310595 -0.254837185 -0.046975236 -0.965842009 3.327037334
-0.934001625 0.076322027 0.349025786 -0.713836551 0.059861168 0.996536732 -0.057725433 0.258401394 -0.352222174 -0.033022791 -0.935333490 3.339308023
-0.915460467 0.072156690 0.395889610 -0.652649224 0.058139928 0.997187436 -0.047309674 0.261174977 -0.398189366 -0.020293472 -0.917078495 3.350229740
-0.907913744 0.067358382 0.413720727 -0.622872531 0.051379729 0.997445822 -0.049643733 0.262080312 -0.416007578 -0.023815848 -0.909048557 3.357066631
-0.898214877 0.055625610 0.436033547 -0.590959966 0.037981763 0.998073399 -0.049086504 0.261280835 -0.437923282 -0.027529521 -0.898590028 3.363489628
-0.868719757 0.046572160 0.493118763 -0.526968837 0.015701108 0.997659802 -0.066563822 0.257867604 -0.495063663 -0.050083280 -0.867411256 3.374620676
-0.849851847 0.045973659 0.525021553 -0.497988820 0.012377672 0.997655511 -0.067325525 0.257078797 -0.526884615 -0.050718609 -0.848421514 3.379878998
-0.815752029 0.043988492 0.576729834 -0.441184282 0.000323571 0.997137785 -0.075595938 0.254366159 -0.578404725 -0.061481420 -0.813428760 3.383614779
-0.776772916 0.056514785 0.627242446 -0.388486385 -0.003228458 0.995594680 -0.093701273 0.250683129 -0.629774868 -0.074809939 -0.773165822 3.384922981
-0.740307927 0.072933212 0.668302774 -0.331058860 0.007206982 0.994901061 -0.100591704 0.245952129 -0.672231615 -0.069652826 -0.737055898 3.376492023
-0.722955287 0.085796669 0.685549498 -0.306269407 0.014848154 0.993959188 -0.108735546 0.243893251 -0.690737247 -0.068431824 -0.719859242 3.369261742
-0.696088135 0.094520822 0.711709797 -0.257775784 0.018254634 0.993304908 -0.114064768 0.238692105 -0.717726350 -0.066407487 -0.693150401 3.346401215
-0.692676067 0.089266509 0.715706050 -0.207592368 0.014094519 0.993796766 -0.110310122 0.234335825 -0.721113086 -0.066321775 -0.689634383 3.311383963
-0.698973536 0.077577472 0.710929871 -0.182082176 0.005643156 0.994665802 -0.102990583 0.236711442 -0.715127468 -0.067976102 -0.695679903 3.290656090
-0.716298282 0.040452432 0.696622789 -0.125267506 -0.017696213 0.996944010 -0.076087631 0.241885126 -0.697573781 -0.066828929 -0.713390589 3.244041443
-0.739369690 0.036993988 0.672284663 -0.080990314 -0.011138041 0.997680902 -0.067148700 0.250184357 -0.673211396 -0.057135589 -0.737240255 3.199623108
-0.764015257 0.044183023 0.643685639 -0.045128345 -0.011907862 0.996517241 -0.082535177 0.256708026 -0.645092428 -0.070723027 -0.760825336 3.152151108
-0.778007925 0.052180160 0.626085818 -0.027659774 -0.003081789 0.996216238 -0.086857259 0.258483440 -0.628251016 -0.069505088 -0.774900436 3.128360033
-0.811448872 0.057581671 0.581582308 0.007575989 -0.000025161 0.995131075 -0.098561153 0.254433393 -0.584428132 -0.079991922 -0.807493865 3.078878403
-0.845748246 0.066773504 0.529390633 0.045226097 0.007340185 0.993502021 -0.113585480 0.246735513 -0.533535898 -0.092179045 -0.840738773 3.024337769
-0.883732259 0.070090368 0.462717980 0.082703829 0.025772633 0.994510710 -0.101420723 0.240129188 -0.467287451 -0.077703379 -0.880683661 2.965066195
-0.902568340 0.077237956 0.423566043 0.100856543 0.037464410 0.994135916 -0.101448908 0.239656061 -0.428919077 -0.075695917 -0.900165498 2.934885979
-0.936528206 0.048966274 0.347160578 0.128901780 0.017171493 0.995416820 -0.094077170 0.249217480 -0.350176960 -0.082145050 -0.933074176 2.876725912
-0.960204244 0.052969292 0.274236262 0.153424561 0.029561535 0.995611072 -0.088797629 0.257527053 -0.277736992 -0.077157356 -0.957553089 2.820892811
-0.979588926 0.042097829 0.196562752 0.176783919 0.020025603 0.993398428 -0.112954751 0.268320739 -0.200021550 -0.106713235 -0.973962486 2.729244471
-0.985458076 0.056864411 0.160133153 0.191608965 0.034576386 0.989733875 -0.138677523 0.262134314 -0.166376412 -0.131124258 -0.977304697 2.663401842
-0.992168546 0.047990769 0.115328133 0.209392488 0.032564532 0.990701973 -0.132103741 0.251989424 -0.120595224 -0.127313390 -0.984503031 2.586324453
-0.997511327 0.018501455 0.068051785 0.221079111 0.010926447 0.993866920 -0.110049590 0.247068673 -0.069670245 -0.109031983 -0.991592705 2.507518291
-0.998887837 0.007694818 0.046540923 0.225619972 0.002564002 0.994003832 -0.109322295 0.250152528 -0.047102816 -0.109081224 -0.992915154 2.467894077
-0.999567091 0.005636619 0.028916284 0.224865943 0.003202834 0.996500075 -0.083541080 0.262537420 -0.029285893 -0.083412230 -0.996083796 2.390724182
-0.999709904 0.014731568 0.019168703 0.236617744 0.013138997 0.996649802 -0.080736265 0.272498071 -0.020293241 -0.080460854 -0.996551156 2.308457613
-0.999377251 0.027494766 0.022211369 0.241575181 0.025449963 0.995828927 -0.087629907 0.277908146 -0.024527522 -0.087010093 -0.995905280 2.273207188
-0.998982608 0.040392607 0.020170119 0.244381636 0.038415436 0.995172739 -0.090316847 0.280785173 -0.023720318 -0.089450046 -0.995708644 2.238148212
-0.998975694 0.044434801 0.008788013 0.247018069 0.043414913 0.994626403 -0.093996219 0.281669080 -0.012916968 -0.093518458 -0.995533526 2.201819658
-0.999261856 0.027215522 -0.027193490 0.246608645 0.029788753 0.994625032 -0.099175781 0.278818071 0.024348697 -0.099912487 -0.994698286 2.127406597
-0.997091830 0.017340567 -0.074230038 0.256877661 0.023787949 0.995935738 -0.086870737 0.274572700 0.072422504 -0.088384062 -0.993450046 2.036777496
-0.994276047 0.018665256 -0.105211057 0.257769287 0.026745880 0.996755242 -0.075921580 0.275540769 0.103453189 -0.078301117 -0.991547465 1.996237874
-0.986629069 -0.005796144 -0.162888259 0.258107662 0.006972845 0.996951997 -0.077708058 0.284624457 0.162842512 -0.077805080 -0.983579516 1.918768287
-0.976646423 -0.015948758 -0.214265421 0.257024229 -0.001791692 0.997811198 -0.066103846 0.299301982 0.214851320 -0.064176455 -0.974535227 1.839277029
-0.950157940 -0.056889407 -0.306538433 0.234487891 -0.037737221 0.996967733 -0.068051532 0.310522377 0.309481084 -0.053091958 -0.949421585 1.733796000
-0.932970107 -0.076438017 -0.351754606 0.210575402 -0.055419922 0.996044815 -0.069452040 0.308845341 0.355673641 -0.045302879 -0.933510542 1.665592194
-0.920435548 -0.070121668 -0.384562463 0.185097128 -0.052880786 0.997071803 -0.055237945 0.301865101 0.387311190 -0.030507423 -0.921443045 1.599462271
-0.916665435 -0.065332271 -0.394288123 0.171552420 -0.049519531 0.997513056 -0.050157599 0.299137533 0.396585703 -0.026453223 -0.917615354 1.565031290
-0.915352464 -0.053877383 -0.399041355 0.150298715 -0.040631272 0.998308599 -0.041584156 0.295234174 0.400608093 -0.021851234 -0.915987730 1.533019066
-0.911291420 -0.054966051 -0.408081055 0.134162933 -0.041249275 0.998251855 -0.042344164 0.294415534 0.409695774 -0.021754786 -0.911962807 1.489113688
-0.894086123 -0.054685961 -0.444547981 0.100716621 -0.040574223 0.998327136 -0.041205034 0.301228046 0.446058184 -0.018803591 -0.894806325 1.429382563
-0.861686885 -0.062672332 -0.503558993 0.057427824 -0.049330369 0.997990012 -0.039794773 0.312636703 0.505041122 -0.009449878 -0.863043487 1.373043776
-0.843738556 -0.062299844 -0.533130169 0.037081122 -0.044610381 0.997944653 -0.046015348 0.315194488 0.534901440 -0.015041593 -0.844780445 1.339504004
-0.809413671 -0.045587618 -0.585469902 -0.007878602 -0.026787197 0.998811126 -0.040738735 0.318090290 0.586631119 -0.017291117 -0.809669495 1.293179631
-0.763520539 -0.043823164 -0.644297957 -0.059469819 -0.021093030 0.998855293 -0.042942706 0.315395653 0.645442247 -0.019197289 -0.763567507 1.251704574
-0.703662455 -0.033054274 -0.709766686 -0.112864971 -0.016521785 0.999407768 -0.030162517 0.309386402 0.710345089 -0.009497155 -0.703788996 1.200652838
-0.668445289 -0.027866445 -0.743240416 -0.140564442 -0.015031677 0.999599159 -0.023958640 0.306993365 0.743611991 -0.004842572 -0.668593526 1.179122806
-0.605780244 -0.045736678 -0.794317842 -0.195986629 -0.029235205 0.998951077 -0.035222881 0.307247460 0.795097232 0.001885084 -0.606478989 1.138212562
-0.548579693 -0.075781673 -0.832658291 -0.255410016 -0.046990409 0.997103631 -0.059789002 0.319491297 0.834778965 0.006328384 -0.550548732 1.110005856
-0.503207147 -0.077410638 -0.860691607 -0.283595443 -0.042995423 0.996989608 -0.064531520 0.325123847 0.863097847 0.004533190 -0.505018830 1.083505630
-0.428937316 -0.083546855 -0.899462402 -0.336973071 -0.041709013 0.996484160 -0.072668195 0.334066719 0.902372956 0.006345785 -0.430912197 1.056422949
-0.380515039 -0.070695721 -0.922068536 -0.397548348 -0.039514903 0.997406483 -0.060164839 0.336829573 0.923932314 0.013541934 -0.382319778 1.046186328
-0.338671476 -0.057047606 -0.939173579 -0.460888922 -0.031366516 0.998290479 -0.049327232 0.331459284 0.940383732 0.012753000 -0.339880109 1.030712366
-0.321872294 -0.056522235 -0.945094407 -0.493778586 -0.038915072 0.998163283 -0.046442330 0.326679587 0.945985019 0.021830108 -0.323478639 1.021282911
-0.309459656 -0.061472580 -0.948923826 -0.574538946 -0.043401204 0.997782707 -0.050483249 0.320789397 0.949922681 0.025562491 -0.311439931 0.998156250
-0.303108960 -0.078234091 -0.949739397 -0.643886626 -0.040200781 0.996788204 -0.069279253 0.316836536 0.952108443 0.017181583 -0.305279166 0.985788941
-0.271249354 -0.080969565 -0.959097624 -0.717820525 -0.046848152 0.996386230 -0.070867494 0.325844288 0.961369336 0.025709817 -0.274060905 0.980813801
-0.252891928 -0.081109866 -0.964088976 -0.752304912 -0.051818032 0.996186078 -0.070217326 0.330085933 0.966107011 0.032200202 -0.256129146 0.977902830
-0.234514788 -0.071889661 -0.969450831 -0.822535276 -0.026671428 0.997362614 -0.067507178 0.339322537 0.971747041 0.010025234 -0.235813200 0.970477283
-0.217012212 -0.059572939 -0.974349499 -0.892588258 -0.000548455 0.998143852 -0.060905099 0.339424163 0.976169109 -0.012682746 -0.216641545 0.968603492
-0.200873330 -0.059282277 -0.977822065 -0.929595888 0.004116990 0.998107731 -0.061357614 0.335634559 0.979608953 -0.016350729 -0.200248629 0.967300951
-0.184400171 -0.056422263 -0.981230199 -0.970405042 0.005261883 0.998280287 -0.058391128 0.331914842 0.982837677 -0.015930420 -0.183785677 0.973674238
-0.158145413 -0.049044937 -0.986197054 -1.010920048 0.006904939 0.998686850 -0.050772812 0.327747911 0.987392128 -0.014839088 -0.157598615 0.973750353
-0.125571549 -0.041041784 -0.991235316 -1.055552483 0.008311887 0.999065399 -0.042418841 0.326327085 0.992050111 -0.013565467 -0.125112876 0.967511535
